evt, seg, ch, val
a,n,1,0
a,n,2,0
a,n,3,0
a,n,4,0
a,n,5,0
a,n,6,0
a,n,7,0
a,n,8,0
a,n,9,0
a,n,10,0
a,n,11,0
a,n,12,0
a,n,13,0
a,n,14,1
a,n,15,1
a,n,16,0
a,n,17,0
a,n,18,0
a,n,19,0
a,n,20,0
a,n,21,1
a,n,22,1
a,n,23,1
a,n,24,0
a,n,25,0
a,n,26,0
a,n,27,0
a,n,28,-1
a,n,29,-1
a,n,30,-1
a,n,31,0
a,n,32,0
a,n,33,0
a,n,34,0
a,n,35,0
a,n,36,1
a,n,37,0
a,n,38,1
a,n,39,1
a,n,40,1
a,n,41,0
a,n,42,0
a,n,43,0
a,n,44,0
a,n,45,0
a,n,46,0
a,n,47,0
a,n,48,0
a,n,49,1
a,n,50,0
a,n,51,0
a,n,52,-1
a,n,53,0
a,n,54,1
a,n,55,0
a,n,56,1
a,n,57,1
a,n,58,0
a,n,59,0
a,n,60,0
a,n,61,0
a,n,62,1
a,n,63,0
a,n,64,0
a,n,65,0
a,n,66,0
a,n,67,0
a,n,68,0
a,n,69,0
a,n,70,0
a,n,71,0
a,n,72,0
a,n,73,0
a,n,74,-1
a,n,75,-1
a,n,76,-2
a,n,77,0
a,n,78,-1
a,n,79,-1
a,n,80,0
a,n,81,-1
a,n,82,-1
a,n,83,0
a,n,84,-1
a,n,85,0
a,n,86,0
a,n,87,0
a,n,88,0
a,n,89,1
a,n,90,2
a,n,91,1
a,n,92,0
a,n,93,0
a,n,94,-2
a,n,95,-1
a,n,96,0
a,n,97,0
a,n,98,-1
a,n,99,0
a,n,100,1
a,n,101,1
a,n,102,0
a,n,103,0
a,n,104,0
a,n,105,-1
a,n,106,0
a,n,107,0
a,n,108,0
a,n,109,0
a,n,110,0
a,n,111,0
a,n,112,-1
a,n,113,0
a,n,114,0
a,n,115,0
a,n,116,0
a,n,117,0
a,n,118,0
a,n,119,0
a,n,120,0
a,n,121,0
a,n,122,0
a,n,123,0
a,n,124,0
a,n,125,0
a,n,126,1
a,n,127,0
a,n,128,1
a,n,129,0
a,n,130,1
a,n,131,0
a,n,132,0
a,n,133,0
a,n,134,3
a,n,135,15
a,n,136,40
a,n,137,83
a,n,138,138
a,n,139,203
a,n,140,272
a,n,141,342
a,n,142,407
a,n,143,465
a,n,144,515
a,n,145,561
a,n,146,601
a,n,147,634
a,n,148,663
a,n,149,691
a,n,150,714
a,n,151,735
a,n,152,754
a,n,153,774
a,n,154,793
a,n,155,809
a,n,156,825
a,n,157,839
a,n,158,850
a,n,159,860
a,n,160,868
a,n,161,875
a,n,162,880
a,n,163,884
a,n,164,886
a,n,165,888
a,n,166,891
a,n,167,890
a,n,168,893
a,n,169,895
a,n,170,896
a,n,171,895
a,n,172,896
a,n,173,896
a,n,174,896
a,n,175,895
a,n,176,896
a,n,177,896
a,n,178,897
a,n,179,896
a,n,180,895
a,n,181,895
a,n,182,895
a,n,183,894
a,n,184,896
a,n,185,895
a,n,186,895
a,n,187,895
a,n,188,896
a,n,189,895
a,n,190,895
a,n,191,895
a,n,192,894
a,n,193,895
a,n,194,895
a,n,195,894
a,n,196,896
a,n,197,896
a,n,198,897
a,n,199,896
a,n,200,897
a,n,201,896
a,n,202,897
a,n,203,897
a,n,204,898
a,n,205,897
a,n,206,897
a,n,207,896
a,n,208,897
a,n,209,895
a,n,210,897
a,n,211,895
a,n,212,896
a,n,213,896
a,n,214,896
a,n,215,896
a,n,216,896
a,n,217,895
a,n,218,895
a,n,219,896
a,n,220,897
a,n,221,896
a,n,222,896
a,n,223,896
a,n,224,895
a,n,225,895
a,n,226,895
a,n,227,895
a,n,228,895
a,n,229,895
a,n,230,895
a,n,231,895
a,n,232,894
a,n,233,893
a,n,234,892
a,n,235,894
a,n,236,893
a,n,237,892
a,n,238,893
a,n,239,893
a,n,240,894
a,n,241,893
a,n,242,893
a,n,243,893
a,n,244,892
a,n,245,891
a,n,246,892
a,n,247,892
a,n,248,894
a,n,249,892
a,n,250,893
a,n,251,892
a,n,252,891
a,n,253,891
a,n,254,891
a,n,255,891
a,n,256,891
a,n,257,891
a,n,258,892
a,n,259,891
a,n,260,891
a,n,261,889
a,n,262,890
a,n,263,890
a,n,264,890
a,n,265,888
a,n,266,890
a,n,267,889
a,n,268,888
a,n,269,887
a,n,270,887
a,n,271,888
a,n,272,888
a,n,273,888
a,n,274,887
a,n,275,886
a,n,276,887
a,n,277,887
a,n,278,887
a,n,279,888
a,n,280,886
a,n,281,888
a,n,282,887
a,n,283,887
a,n,284,887
a,n,285,886
a,n,286,887
a,n,287,-323
a,n,288,-323
a,n,289,-66
a,n,290,-66
a,n,291,-66
a,n,292,-66
a,n,293,-66
a,n,294,-66
a,n,295,-66
a,n,296,-66
a,n,297,-66
a,n,298,-66
a,n,299,-66
a,n,300,-66
a,l,1,0
a,l,2,0
a,l,3,0
a,l,4,0
a,l,5,0
a,l,6,0
a,l,7,0
a,l,8,0
a,l,9,-1
a,l,10,0
a,l,11,0
a,l,12,0
a,l,13,-1
a,l,14,-1
a,l,15,0
a,l,16,0
a,l,17,1
a,l,18,1
a,l,19,0
a,l,20,1
a,l,21,0
a,l,22,0
a,l,23,0
a,l,24,0
a,l,25,0
a,l,26,0
a,l,27,0
a,l,28,-1
a,l,29,0
a,l,30,0
a,l,31,-1
a,l,32,-1
a,l,33,-2
a,l,34,-1
a,l,35,-1
a,l,36,0
a,l,37,-1
a,l,38,1
a,l,39,0
a,l,40,0
a,l,41,0
a,l,42,0
a,l,43,0
a,l,44,0
a,l,45,0
a,l,46,1
a,l,47,1
a,l,48,1
a,l,49,0
a,l,50,0
a,l,51,0
a,l,52,1
a,l,53,0
a,l,54,0
a,l,55,0
a,l,56,0
a,l,57,0
a,l,58,0
a,l,59,0
a,l,60,0
a,l,61,0
a,l,62,0
a,l,63,0
a,l,64,0
a,l,65,1
a,l,66,1
a,l,67,0
a,l,68,0
a,l,69,-1
a,l,70,0
a,l,71,0
a,l,72,1
a,l,73,0
a,l,74,0
a,l,75,0
a,l,76,0
a,l,77,0
a,l,78,0
a,l,79,0
a,l,80,0
a,l,81,-1
a,l,82,0
a,l,83,0
a,l,84,0
a,l,85,0
a,l,86,0
a,l,87,0
a,l,88,1
a,l,89,1
a,l,90,1
a,l,91,0
a,l,92,0
a,l,93,0
a,l,94,0
a,l,95,0
a,l,96,0
a,l,97,0
a,l,98,0
a,l,99,0
a,l,100,0
a,l,101,0
a,l,102,1
a,l,103,0
a,l,104,0
a,l,105,1
a,l,106,1
a,l,107,0
a,l,108,0
a,l,109,0
a,l,110,0
a,l,111,0
a,l,112,0
a,l,113,0
a,l,114,0
a,l,115,0
a,l,116,1
a,l,117,1
a,l,118,1
a,l,119,0
a,l,120,0
a,l,121,0
a,l,122,1
a,l,123,-1
a,l,124,-1
a,l,125,0
a,l,126,0
a,l,127,-1
a,l,128,0
a,l,129,0
a,l,130,0
a,l,131,0
a,l,132,1
a,l,133,0
a,l,134,0
a,l,135,-1
a,l,136,-4
a,l,137,-7
a,l,138,-11
a,l,139,-19
a,l,140,-25
a,l,141,-31
a,l,142,-35
a,l,143,-40
a,l,144,-45
a,l,145,-47
a,l,146,-48
a,l,147,-49
a,l,148,-50
a,l,149,-49
a,l,150,-46
a,l,151,-44
a,l,152,-41
a,l,153,-37
a,l,154,-34
a,l,155,-29
a,l,156,-24
a,l,157,-19
a,l,158,-15
a,l,159,-13
a,l,160,-9
a,l,161,-8
a,l,162,-7
a,l,163,-6
a,l,164,-4
a,l,165,-4
a,l,166,-4
a,l,167,-5
a,l,168,-4
a,l,169,-4
a,l,170,-5
a,l,171,-3
a,l,172,-1
a,l,173,-2
a,l,174,-2
a,l,175,-3
a,l,176,-1
a,l,177,-3
a,l,178,-2
a,l,179,-2
a,l,180,-3
a,l,181,-3
a,l,182,-4
a,l,183,-3
a,l,184,-2
a,l,185,-3
a,l,186,-2
a,l,187,-2
a,l,188,-2
a,l,189,-2
a,l,190,-1
a,l,191,-1
a,l,192,-2
a,l,193,-3
a,l,194,-2
a,l,195,-2
a,l,196,-1
a,l,197,-1
a,l,198,-1
a,l,199,-2
a,l,200,-3
a,l,201,-3
a,l,202,-3
a,l,203,-2
a,l,204,-2
a,l,205,-3
a,l,206,-2
a,l,207,-1
a,l,208,-2
a,l,209,-1
a,l,210,-1
a,l,211,-2
a,l,212,-2
a,l,213,-2
a,l,214,-3
a,l,215,-2
a,l,216,-1
a,l,217,-1
a,l,218,0
a,l,219,-1
a,l,220,-1
a,l,221,-3
a,l,222,-2
a,l,223,-3
a,l,224,-3
a,l,225,-2
a,l,226,-1
a,l,227,-3
a,l,228,-2
a,l,229,-2
a,l,230,-1
a,l,231,-1
a,l,232,0
a,l,233,-1
a,l,234,-1
a,l,235,-1
a,l,236,0
a,l,237,0
a,l,238,0
a,l,239,0
a,l,240,-1
a,l,241,-2
a,l,242,-2
a,l,243,-3
a,l,244,-1
a,l,245,-1
a,l,246,-1
a,l,247,-1
a,l,248,-1
a,l,249,-1
a,l,250,-2
a,l,251,0
a,l,252,-1
a,l,253,-1
a,l,254,-1
a,l,255,-1
a,l,256,-1
a,l,257,-2
a,l,258,-1
a,l,259,-2
a,l,260,-2
a,l,261,-3
a,l,262,-3
a,l,263,-1
a,l,264,-1
a,l,265,-1
a,l,266,-1
a,l,267,-1
a,l,268,-1
a,l,269,0
a,l,270,-1
a,l,271,-2
a,l,272,-2
a,l,273,-2
a,l,274,-1
a,l,275,-2
a,l,276,-2
a,l,277,-2
a,l,278,-1
a,l,279,-2
a,l,280,-2
a,l,281,-2
a,l,282,-1
a,l,283,-1
a,l,284,-1
a,l,285,-2
a,l,286,0
a,l,287,-316
a,l,288,-316
a,l,289,-59
a,l,290,-59
a,l,291,-59
a,l,292,-59
a,l,293,-59
a,l,294,-59
a,l,295,-59
a,l,296,-59
a,l,297,-59
a,l,298,-59
a,l,299,-59
a,l,300,-59
a,r,1,-1
a,r,2,-1
a,r,3,-1
a,r,4,0
a,r,5,0
a,r,6,1
a,r,7,2
a,r,8,2
a,r,9,0
a,r,10,0
a,r,11,0
a,r,12,0
a,r,13,2
a,r,14,1
a,r,15,0
a,r,16,0
a,r,17,0
a,r,18,0
a,r,19,0
a,r,20,0
a,r,21,-1
a,r,22,0
a,r,23,0
a,r,24,0
a,r,25,-1
a,r,26,0
a,r,27,0
a,r,28,0
a,r,29,-1
a,r,30,0
a,r,31,0
a,r,32,0
a,r,33,-1
a,r,34,-2
a,r,35,-2
a,r,36,-2
a,r,37,-2
a,r,38,-1
a,r,39,0
a,r,40,-1
a,r,41,0
a,r,42,0
a,r,43,-1
a,r,44,-1
a,r,45,-1
a,r,46,-1
a,r,47,-1
a,r,48,-1
a,r,49,-1
a,r,50,0
a,r,51,0
a,r,52,0
a,r,53,-1
a,r,54,0
a,r,55,-1
a,r,56,0
a,r,57,-2
a,r,58,-2
a,r,59,-2
a,r,60,0
a,r,61,-1
a,r,62,0
a,r,63,0
a,r,64,0
a,r,65,0
a,r,66,0
a,r,67,0
a,r,68,0
a,r,69,0
a,r,70,0
a,r,71,0
a,r,72,0
a,r,73,0
a,r,74,0
a,r,75,0
a,r,76,0
a,r,77,0
a,r,78,-1
a,r,79,-1
a,r,80,0
a,r,81,0
a,r,82,0
a,r,83,0
a,r,84,0
a,r,85,0
a,r,86,0
a,r,87,0
a,r,88,0
a,r,89,0
a,r,90,0
a,r,91,0
a,r,92,0
a,r,93,-1
a,r,94,-1
a,r,95,-1
a,r,96,0
a,r,97,-1
a,r,98,0
a,r,99,0
a,r,100,-1
a,r,101,-2
a,r,102,-2
a,r,103,-1
a,r,104,0
a,r,105,0
a,r,106,-1
a,r,107,-1
a,r,108,0
a,r,109,-1
a,r,110,-1
a,r,111,-3
a,r,112,-3
a,r,113,-2
a,r,114,-3
a,r,115,-2
a,r,116,-1
a,r,117,0
a,r,118,0
a,r,119,0
a,r,120,0
a,r,121,0
a,r,122,0
a,r,123,0
a,r,124,0
a,r,125,1
a,r,126,1
a,r,127,0
a,r,128,0
a,r,129,0
a,r,130,0
a,r,131,-2
a,r,132,-1
a,r,133,-2
a,r,134,-1
a,r,135,-1
a,r,136,-1
a,r,137,-1
a,r,138,-3
a,r,139,-6
a,r,140,-8
a,r,141,-12
a,r,142,-15
a,r,143,-17
a,r,144,-20
a,r,145,-23
a,r,146,-25
a,r,147,-26
a,r,148,-27
a,r,149,-27
a,r,150,-27
a,r,151,-26
a,r,152,-26
a,r,153,-25
a,r,154,-24
a,r,155,-20
a,r,156,-17
a,r,157,-14
a,r,158,-13
a,r,159,-11
a,r,160,-9
a,r,161,-8
a,r,162,-7
a,r,163,-7
a,r,164,-6
a,r,165,-6
a,r,166,-5
a,r,167,-5
a,r,168,-4
a,r,169,-5
a,r,170,-5
a,r,171,-4
a,r,172,-4
a,r,173,-5
a,r,174,-3
a,r,175,-4
a,r,176,-4
a,r,177,-4
a,r,178,-3
a,r,179,-4
a,r,180,-3
a,r,181,-4
a,r,182,-3
a,r,183,-3
a,r,184,-3
a,r,185,-4
a,r,186,-2
a,r,187,-3
a,r,188,-2
a,r,189,-3
a,r,190,-3
a,r,191,-4
a,r,192,-4
a,r,193,-5
a,r,194,-5
a,r,195,-3
a,r,196,-4
a,r,197,-5
a,r,198,-5
a,r,199,-5
a,r,200,-6
a,r,201,-5
a,r,202,-4
a,r,203,-4
a,r,204,-4
a,r,205,-2
a,r,206,-4
a,r,207,-4
a,r,208,-4
a,r,209,-4
a,r,210,-4
a,r,211,-4
a,r,212,-4
a,r,213,-5
a,r,214,-4
a,r,215,-4
a,r,216,-5
a,r,217,-5
a,r,218,-4
a,r,219,-5
a,r,220,-5
a,r,221,-5
a,r,222,-4
a,r,223,-4
a,r,224,-4
a,r,225,-4
a,r,226,-3
a,r,227,-4
a,r,228,-4
a,r,229,-5
a,r,230,-5
a,r,231,-5
a,r,232,-4
a,r,233,-5
a,r,234,-5
a,r,235,-4
a,r,236,-5
a,r,237,-4
a,r,238,-4
a,r,239,-5
a,r,240,-4
a,r,241,-5
a,r,242,-5
a,r,243,-4
a,r,244,-4
a,r,245,-4
a,r,246,-4
a,r,247,-4
a,r,248,-4
a,r,249,-4
a,r,250,-4
a,r,251,-3
a,r,252,-4
a,r,253,-3
a,r,254,-4
a,r,255,-4
a,r,256,-3
a,r,257,-3
a,r,258,-3
a,r,259,-3
a,r,260,-4
a,r,261,-4
a,r,262,-5
a,r,263,-4
a,r,264,-4
a,r,265,-5
a,r,266,-5
a,r,267,-3
a,r,268,-4
a,r,269,-5
a,r,270,-4
a,r,271,-5
a,r,272,-5
a,r,273,-5
a,r,274,-5
a,r,275,-5
a,r,276,-3
a,r,277,-3
a,r,278,-3
a,r,279,-4
a,r,280,-4
a,r,281,-3
a,r,282,-4
a,r,283,-4
a,r,284,-4
a,r,285,-5
a,r,286,-4
a,r,287,-342
a,r,288,-342
a,r,289,-85
a,r,290,-85
a,r,291,-85
a,r,292,-85
a,r,293,-85
a,r,294,-85
a,r,295,-85
a,r,296,-85
a,r,297,-85
a,r,298,-85
a,r,299,-85
a,r,300,-85
a,u,1,0
a,u,2,0
a,u,3,1
a,u,4,0
a,u,5,0
a,u,6,0
a,u,7,0
a,u,8,0
a,u,9,0
a,u,10,0
a,u,11,0
a,u,12,0
a,u,13,1
a,u,14,0
a,u,15,0
a,u,16,0
a,u,17,0
a,u,18,0
a,u,19,0
a,u,20,0
a,u,21,0
a,u,22,0
a,u,23,0
a,u,24,0
a,u,25,0
a,u,26,0
a,u,27,0
a,u,28,-1
a,u,29,0
a,u,30,0
a,u,31,0
a,u,32,0
a,u,33,0
a,u,34,0
a,u,35,1
a,u,36,0
a,u,37,0
a,u,38,0
a,u,39,0
a,u,40,0
a,u,41,0
a,u,42,0
a,u,43,0
a,u,44,0
a,u,45,0
a,u,46,0
a,u,47,0
a,u,48,0
a,u,49,0
a,u,50,0
a,u,51,0
a,u,52,0
a,u,53,1
a,u,54,1
a,u,55,1
a,u,56,0
a,u,57,0
a,u,58,0
a,u,59,0
a,u,60,-1
a,u,61,0
a,u,62,-1
a,u,63,-2
a,u,64,-1
a,u,65,0
a,u,66,0
a,u,67,0
a,u,68,0
a,u,69,-1
a,u,70,0
a,u,71,0
a,u,72,0
a,u,73,0
a,u,74,0
a,u,75,1
a,u,76,1
a,u,77,1
a,u,78,1
a,u,79,1
a,u,80,0
a,u,81,0
a,u,82,0
a,u,83,0
a,u,84,0
a,u,85,0
a,u,86,0
a,u,87,0
a,u,88,0
a,u,89,0
a,u,90,-1
a,u,91,-1
a,u,92,0
a,u,93,1
a,u,94,1
a,u,95,0
a,u,96,2
a,u,97,0
a,u,98,0
a,u,99,0
a,u,100,0
a,u,101,0
a,u,102,0
a,u,103,0
a,u,104,1
a,u,105,0
a,u,106,-1
a,u,107,0
a,u,108,-1
a,u,109,0
a,u,110,0
a,u,111,-1
a,u,112,0
a,u,113,0
a,u,114,0
a,u,115,0
a,u,116,0
a,u,117,0
a,u,118,0
a,u,119,0
a,u,120,0
a,u,121,0
a,u,122,0
a,u,123,0
a,u,124,0
a,u,125,0
a,u,126,0
a,u,127,1
a,u,128,0
a,u,129,0
a,u,130,0
a,u,131,0
a,u,132,0
a,u,133,0
a,u,134,0
a,u,135,0
a,u,136,2
a,u,137,2
a,u,138,2
a,u,139,3
a,u,140,3
a,u,141,1
a,u,142,-1
a,u,143,-4
a,u,144,-9
a,u,145,-13
a,u,146,-17
a,u,147,-20
a,u,148,-22
a,u,149,-23
a,u,150,-22
a,u,151,-21
a,u,152,-20
a,u,153,-19
a,u,154,-17
a,u,155,-16
a,u,156,-14
a,u,157,-12
a,u,158,-10
a,u,159,-9
a,u,160,-9
a,u,161,-8
a,u,162,-7
a,u,163,-6
a,u,164,-6
a,u,165,-5
a,u,166,-5
a,u,167,-6
a,u,168,-6
a,u,169,-6
a,u,170,-6
a,u,171,-6
a,u,172,-7
a,u,173,-8
a,u,174,-8
a,u,175,-7
a,u,176,-7
a,u,177,-7
a,u,178,-7
a,u,179,-6
a,u,180,-6
a,u,181,-5
a,u,182,-7
a,u,183,-6
a,u,184,-5
a,u,185,-6
a,u,186,-6
a,u,187,-7
a,u,188,-7
a,u,189,-7
a,u,190,-7
a,u,191,-7
a,u,192,-7
a,u,193,-7
a,u,194,-6
a,u,195,-6
a,u,196,-5
a,u,197,-5
a,u,198,-6
a,u,199,-5
a,u,200,-6
a,u,201,-7
a,u,202,-6
a,u,203,-6
a,u,204,-6
a,u,205,-6
a,u,206,-6
a,u,207,-6
a,u,208,-6
a,u,209,-5
a,u,210,-5
a,u,211,-6
a,u,212,-5
a,u,213,-6
a,u,214,-5
a,u,215,-4
a,u,216,-5
a,u,217,-4
a,u,218,-5
a,u,219,-5
a,u,220,-5
a,u,221,-4
a,u,222,-4
a,u,223,-5
a,u,224,-5
a,u,225,-4
a,u,226,-4
a,u,227,-4
a,u,228,-5
a,u,229,-4
a,u,230,-5
a,u,231,-5
a,u,232,-6
a,u,233,-4
a,u,234,-5
a,u,235,-5
a,u,236,-4
a,u,237,-5
a,u,238,-4
a,u,239,-6
a,u,240,-5
a,u,241,-4
a,u,242,-5
a,u,243,-5
a,u,244,-6
a,u,245,-5
a,u,246,-5
a,u,247,-6
a,u,248,-5
a,u,249,-4
a,u,250,-5
a,u,251,-7
a,u,252,-7
a,u,253,-5
a,u,254,-4
a,u,255,-5
a,u,256,-5
a,u,257,-5
a,u,258,-6
a,u,259,-6
a,u,260,-7
a,u,261,-7
a,u,262,-7
a,u,263,-7
a,u,264,-6
a,u,265,-7
a,u,266,-8
a,u,267,-8
a,u,268,-8
a,u,269,-7
a,u,270,-6
a,u,271,-6
a,u,272,-6
a,u,273,-6
a,u,274,-7
a,u,275,-6
a,u,276,-6
a,u,277,-6
a,u,278,-6
a,u,279,-6
a,u,280,-6
a,u,281,-6
a,u,282,-6
a,u,283,-6
a,u,284,-5
a,u,285,-6
a,u,286,-7
a,u,287,-404
a,u,288,-404
a,u,289,-147
a,u,290,-147
a,u,291,-147
a,u,292,-147
a,u,293,-147
a,u,294,-147
a,u,295,-147
a,u,296,-147
a,u,297,-147
a,u,298,-147
a,u,299,-147
a,u,300,-147
a,d,1,-1
a,d,2,0
a,d,3,0
a,d,4,-1
a,d,5,0
a,d,6,0
a,d,7,0
a,d,8,0
a,d,9,0
a,d,10,0
a,d,11,0
a,d,12,0
a,d,13,0
a,d,14,1
a,d,15,0
a,d,16,1
a,d,17,0
a,d,18,-1
a,d,19,0
a,d,20,0
a,d,21,0
a,d,22,0
a,d,23,-1
a,d,24,0
a,d,25,0
a,d,26,0
a,d,27,0
a,d,28,0
a,d,29,0
a,d,30,0
a,d,31,0
a,d,32,-1
a,d,33,0
a,d,34,0
a,d,35,0
a,d,36,0
a,d,37,0
a,d,38,0
a,d,39,0
a,d,40,0
a,d,41,1
a,d,42,0
a,d,43,0
a,d,44,-1
a,d,45,-1
a,d,46,0
a,d,47,0
a,d,48,0
a,d,49,0
a,d,50,0
a,d,51,0
a,d,52,0
a,d,53,0
a,d,54,0
a,d,55,0
a,d,56,-1
a,d,57,-1
a,d,58,-2
a,d,59,-2
a,d,60,0
a,d,61,0
a,d,62,0
a,d,63,-1
a,d,64,-1
a,d,65,0
a,d,66,0
a,d,67,0
a,d,68,0
a,d,69,0
a,d,70,-2
a,d,71,-1
a,d,72,-1
a,d,73,0
a,d,74,0
a,d,75,0
a,d,76,0
a,d,77,0
a,d,78,0
a,d,79,1
a,d,80,0
a,d,81,0
a,d,82,0
a,d,83,0
a,d,84,0
a,d,85,0
a,d,86,0
a,d,87,0
a,d,88,0
a,d,89,-1
a,d,90,0
a,d,91,0
a,d,92,0
a,d,93,0
a,d,94,0
a,d,95,0
a,d,96,0
a,d,97,0
a,d,98,0
a,d,99,0
a,d,100,1
a,d,101,2
a,d,102,1
a,d,103,1
a,d,104,0
a,d,105,0
a,d,106,0
a,d,107,1
a,d,108,0
a,d,109,0
a,d,110,0
a,d,111,-1
a,d,112,-1
a,d,113,0
a,d,114,0
a,d,115,0
a,d,116,0
a,d,117,0
a,d,118,0
a,d,119,0
a,d,120,0
a,d,121,0
a,d,122,0
a,d,123,0
a,d,124,0
a,d,125,0
a,d,126,-1
a,d,127,0
a,d,128,0
a,d,129,0
a,d,130,0
a,d,131,-1
a,d,132,-2
a,d,133,-2
a,d,134,-2
a,d,135,-2
a,d,136,-6
a,d,137,-11
a,d,138,-21
a,d,139,-33
a,d,140,-47
a,d,141,-61
a,d,142,-70
a,d,143,-78
a,d,144,-84
a,d,145,-86
a,d,146,-87
a,d,147,-84
a,d,148,-80
a,d,149,-75
a,d,150,-70
a,d,151,-65
a,d,152,-58
a,d,153,-50
a,d,154,-44
a,d,155,-37
a,d,156,-28
a,d,157,-21
a,d,158,-16
a,d,159,-13
a,d,160,-10
a,d,161,-8
a,d,162,-7
a,d,163,-6
a,d,164,-5
a,d,165,-5
a,d,166,-3
a,d,167,-3
a,d,168,-1
a,d,169,-1
a,d,170,-1
a,d,171,0
a,d,172,0
a,d,173,0
a,d,174,2
a,d,175,2
a,d,176,1
a,d,177,0
a,d,178,1
a,d,179,2
a,d,180,3
a,d,181,2
a,d,182,1
a,d,183,1
a,d,184,1
a,d,185,1
a,d,186,3
a,d,187,1
a,d,188,2
a,d,189,1
a,d,190,1
a,d,191,1
a,d,192,1
a,d,193,0
a,d,194,0
a,d,195,1
a,d,196,0
a,d,197,0
a,d,198,0
a,d,199,0
a,d,200,-1
a,d,201,0
a,d,202,0
a,d,203,0
a,d,204,0
a,d,205,0
a,d,206,0
a,d,207,0
a,d,208,-1
a,d,209,0
a,d,210,0
a,d,211,0
a,d,212,0
a,d,213,-2
a,d,214,-1
a,d,215,0
a,d,216,0
a,d,217,0
a,d,218,0
a,d,219,0
a,d,220,0
a,d,221,0
a,d,222,-1
a,d,223,0
a,d,224,0
a,d,225,0
a,d,226,0
a,d,227,0
a,d,228,1
a,d,229,1
a,d,230,0
a,d,231,0
a,d,232,0
a,d,233,0
a,d,234,0
a,d,235,-1
a,d,236,0
a,d,237,0
a,d,238,0
a,d,239,0
a,d,240,-2
a,d,241,-2
a,d,242,-1
a,d,243,-1
a,d,244,-1
a,d,245,0
a,d,246,0
a,d,247,0
a,d,248,0
a,d,249,0
a,d,250,0
a,d,251,0
a,d,252,-1
a,d,253,0
a,d,254,0
a,d,255,0
a,d,256,0
a,d,257,0
a,d,258,0
a,d,259,0
a,d,260,-1
a,d,261,0
a,d,262,0
a,d,263,0
a,d,264,0
a,d,265,0
a,d,266,0
a,d,267,0
a,d,268,0
a,d,269,0
a,d,270,0
a,d,271,0
a,d,272,0
a,d,273,1
a,d,274,0
a,d,275,0
a,d,276,0
a,d,277,0
a,d,278,0
a,d,279,0
a,d,280,0
a,d,281,0
a,d,282,0
a,d,283,0
a,d,284,0
a,d,285,0
a,d,286,0
a,d,287,-251
a,d,288,-251
a,d,289,5
a,d,290,5
a,d,291,5
a,d,292,5
a,d,293,5
a,d,294,5
a,d,295,5
a,d,296,5
a,d,297,5
a,d,298,5
a,d,299,5
a,d,300,5
a,c,1,-1
a,c,2,-1
a,c,3,-1
a,c,4,-1
a,c,5,0
a,c,6,0
a,c,7,0
a,c,8,0
a,c,9,1
a,c,10,0
a,c,11,0
a,c,12,0
a,c,13,0
a,c,14,1
a,c,15,0
a,c,16,0
a,c,17,0
a,c,18,0
a,c,19,0
a,c,20,0
a,c,21,1
a,c,22,0
a,c,23,0
a,c,24,0
a,c,25,0
a,c,26,0
a,c,27,0
a,c,28,0
a,c,29,1
a,c,30,1
a,c,31,1
a,c,32,0
a,c,33,0
a,c,34,0
a,c,35,0
a,c,36,1
a,c,37,1
a,c,38,0
a,c,39,-1
a,c,40,0
a,c,41,1
a,c,42,0
a,c,43,1
a,c,44,0
a,c,45,0
a,c,46,-1
a,c,47,0
a,c,48,0
a,c,49,0
a,c,50,0
a,c,51,0
a,c,52,0
a,c,53,0
a,c,54,0
a,c,55,0
a,c,56,0
a,c,57,1
a,c,58,1
a,c,59,2
a,c,60,1
a,c,61,0
a,c,62,0
a,c,63,1
a,c,64,0
a,c,65,0
a,c,66,1
a,c,67,0
a,c,68,1
a,c,69,0
a,c,70,0
a,c,71,0
a,c,72,0
a,c,73,0
a,c,74,-1
a,c,75,-1
a,c,76,-1
a,c,77,-1
a,c,78,0
a,c,79,0
a,c,80,-1
a,c,81,-1
a,c,82,0
a,c,83,0
a,c,84,-1
a,c,85,0
a,c,86,0
a,c,87,0
a,c,88,0
a,c,89,0
a,c,90,0
a,c,91,0
a,c,92,0
a,c,93,0
a,c,94,0
a,c,95,0
a,c,96,1
a,c,97,0
a,c,98,0
a,c,99,0
a,c,100,0
a,c,101,1
a,c,102,0
a,c,103,1
a,c,104,0
a,c,105,1
a,c,106,1
a,c,107,1
a,c,108,1
a,c,109,0
a,c,110,1
a,c,111,0
a,c,112,1
a,c,113,1
a,c,114,1
a,c,115,1
a,c,116,0
a,c,117,0
a,c,118,0
a,c,119,0
a,c,120,0
a,c,121,0
a,c,122,0
a,c,123,0
a,c,124,0
a,c,125,1
a,c,126,0
a,c,127,1
a,c,128,0
a,c,129,0
a,c,130,0
a,c,131,0
a,c,132,1
a,c,133,0
a,c,134,0
a,c,135,0
a,c,136,3
a,c,137,9
a,c,138,18
a,c,139,33
a,c,140,50
a,c,141,72
a,c,142,97
a,c,143,122
a,c,144,147
a,c,145,172
a,c,146,199
a,c,147,227
a,c,148,256
a,c,149,288
a,c,150,319
a,c,151,354
a,c,152,390
a,c,153,428
a,c,154,470
a,c,155,516
a,c,156,566
a,c,157,618
a,c,158,666
a,c,159,711
a,c,160,746
a,c,161,777
a,c,162,802
a,c,163,821
a,c,164,834
a,c,165,846
a,c,166,854
a,c,167,861
a,c,168,866
a,c,169,872
a,c,170,875
a,c,171,877
a,c,172,880
a,c,173,882
a,c,174,884
a,c,175,885
a,c,176,886
a,c,177,888
a,c,178,888
a,c,179,888
a,c,180,889
a,c,181,890
a,c,182,889
a,c,183,889
a,c,184,889
a,c,185,889
a,c,186,889
a,c,187,888
a,c,188,888
a,c,189,887
a,c,190,886
a,c,191,887
a,c,192,886
a,c,193,888
a,c,194,887
a,c,195,887
a,c,196,888
a,c,197,889
a,c,198,888
a,c,199,886
a,c,200,885
a,c,201,886
a,c,202,885
a,c,203,884
a,c,204,885
a,c,205,886
a,c,206,886
a,c,207,886
a,c,208,885
a,c,209,885
a,c,210,886
a,c,211,885
a,c,212,885
a,c,213,885
a,c,214,885
a,c,215,885
a,c,216,886
a,c,217,885
a,c,218,886
a,c,219,885
a,c,220,884
a,c,221,884
a,c,222,884
a,c,223,884
a,c,224,884
a,c,225,882
a,c,226,882
a,c,227,883
a,c,228,882
a,c,229,884
a,c,230,884
a,c,231,884
a,c,232,883
a,c,233,883
a,c,234,882
a,c,235,883
a,c,236,881
a,c,237,882
a,c,238,882
a,c,239,884
a,c,240,883
a,c,241,882
a,c,242,881
a,c,243,881
a,c,244,882
a,c,245,882
a,c,246,882
a,c,247,883
a,c,248,883
a,c,249,883
a,c,250,883
a,c,251,882
a,c,252,882
a,c,253,882
a,c,254,883
a,c,255,883
a,c,256,882
a,c,257,882
a,c,258,881
a,c,259,880
a,c,260,880
a,c,261,880
a,c,262,880
a,c,263,879
a,c,264,878
a,c,265,879
a,c,266,880
a,c,267,878
a,c,268,878
a,c,269,878
a,c,270,879
a,c,271,878
a,c,272,877
a,c,273,878
a,c,274,878
a,c,275,878
a,c,276,879
a,c,277,877
a,c,278,877
a,c,279,877
a,c,280,877
a,c,281,876
a,c,282,875
a,c,283,875
a,c,284,875
a,c,285,877
a,c,286,876
a,c,287,276
a,c,288,276
a,c,289,19
a,c,290,19
a,c,291,19
a,c,292,19
a,c,293,19
a,c,294,19
a,c,295,19
a,c,296,19
a,c,297,19
a,c,298,19
a,c,299,19
a,c,300,19
b,n,1,-1
b,n,2,0
b,n,3,1
b,n,4,0
b,n,5,0
b,n,6,0
b,n,7,0
b,n,8,0
b,n,9,0
b,n,10,0
b,n,11,0
b,n,12,0
b,n,13,0
b,n,14,0
b,n,15,0
b,n,16,0
b,n,17,0
b,n,18,0
b,n,19,0
b,n,20,0
b,n,21,0
b,n,22,0
b,n,23,0
b,n,24,-1
b,n,25,-1
b,n,26,0
b,n,27,0
b,n,28,0
b,n,29,-1
b,n,30,-1
b,n,31,-1
b,n,32,0
b,n,33,0
b,n,34,0
b,n,35,0
b,n,36,0
b,n,37,0
b,n,38,1
b,n,39,0
b,n,40,0
b,n,41,1
b,n,42,1
b,n,43,1
b,n,44,0
b,n,45,1
b,n,46,0
b,n,47,1
b,n,48,2
b,n,49,1
b,n,50,0
b,n,51,1
b,n,52,0
b,n,53,0
b,n,54,0
b,n,55,0
b,n,56,0
b,n,57,0
b,n,58,-1
b,n,59,0
b,n,60,0
b,n,61,0
b,n,62,0
b,n,63,0
b,n,64,-1
b,n,65,0
b,n,66,1
b,n,67,0
b,n,68,0
b,n,69,0
b,n,70,0
b,n,71,0
b,n,72,0
b,n,73,0
b,n,74,0
b,n,75,1
b,n,76,1
b,n,77,1
b,n,78,0
b,n,79,1
b,n,80,0
b,n,81,-1
b,n,82,-1
b,n,83,0
b,n,84,0
b,n,85,0
b,n,86,-1
b,n,87,-1
b,n,88,-1
b,n,89,0
b,n,90,1
b,n,91,-1
b,n,92,0
b,n,93,0
b,n,94,0
b,n,95,0
b,n,96,0
b,n,97,1
b,n,98,-1
b,n,99,-1
b,n,100,-1
b,n,101,-2
b,n,102,-1
b,n,103,-1
b,n,104,0
b,n,105,0
b,n,106,0
b,n,107,1
b,n,108,0
b,n,109,0
b,n,110,-1
b,n,111,0
b,n,112,0
b,n,113,0
b,n,114,0
b,n,115,1
b,n,116,0
b,n,117,-1
b,n,118,0
b,n,119,0
b,n,120,1
b,n,121,0
b,n,122,0
b,n,123,0
b,n,124,0
b,n,125,0
b,n,126,0
b,n,127,0
b,n,128,-1
b,n,129,-2
b,n,130,-2
b,n,131,-2
b,n,132,-1
b,n,133,1
b,n,134,4
b,n,135,16
b,n,136,43
b,n,137,92
b,n,138,158
b,n,139,234
b,n,140,315
b,n,141,389
b,n,142,456
b,n,143,515
b,n,144,564
b,n,145,605
b,n,146,640
b,n,147,669
b,n,148,694
b,n,149,717
b,n,150,738
b,n,151,757
b,n,152,773
b,n,153,793
b,n,154,809
b,n,155,824
b,n,156,838
b,n,157,852
b,n,158,861
b,n,159,869
b,n,160,876
b,n,161,881
b,n,162,884
b,n,163,887
b,n,164,892
b,n,165,893
b,n,166,893
b,n,167,895
b,n,168,897
b,n,169,895
b,n,170,895
b,n,171,895
b,n,172,894
b,n,173,893
b,n,174,894
b,n,175,894
b,n,176,894
b,n,177,893
b,n,178,894
b,n,179,895
b,n,180,895
b,n,181,895
b,n,182,895
b,n,183,894
b,n,184,893
b,n,185,891
b,n,186,892
b,n,187,892
b,n,188,891
b,n,189,889
b,n,190,889
b,n,191,888
b,n,192,890
b,n,193,890
b,n,194,891
b,n,195,891
b,n,196,891
b,n,197,891
b,n,198,891
b,n,199,890
b,n,200,889
b,n,201,890
b,n,202,889
b,n,203,889
b,n,204,890
b,n,205,889
b,n,206,891
b,n,207,892
b,n,208,891
b,n,209,891
b,n,210,890
b,n,211,890
b,n,212,892
b,n,213,891
b,n,214,891
b,n,215,892
b,n,216,892
b,n,217,891
b,n,218,889
b,n,219,891
b,n,220,890
b,n,221,890
b,n,222,892
b,n,223,892
b,n,224,891
b,n,225,890
b,n,226,891
b,n,227,891
b,n,228,892
b,n,229,891
b,n,230,891
b,n,231,890
b,n,232,890
b,n,233,891
b,n,234,889
b,n,235,888
b,n,236,887
b,n,237,887
b,n,238,888
b,n,239,888
b,n,240,888
b,n,241,890
b,n,242,889
b,n,243,888
b,n,244,888
b,n,245,887
b,n,246,888
b,n,247,886
b,n,248,886
b,n,249,885
b,n,250,886
b,n,251,885
b,n,252,885
b,n,253,884
b,n,254,885
b,n,255,885
b,n,256,885
b,n,257,884
b,n,258,884
b,n,259,883
b,n,260,883
b,n,261,884
b,n,262,883
b,n,263,882
b,n,264,882
b,n,265,882
b,n,266,883
b,n,267,883
b,n,268,883
b,n,269,884
b,n,270,882
b,n,271,884
b,n,272,883
b,n,273,882
b,n,274,884
b,n,275,884
b,n,276,883
b,n,277,883
b,n,278,883
b,n,279,883
b,n,280,880
b,n,281,880
b,n,282,879
b,n,283,880
b,n,284,881
b,n,285,882
b,n,286,880
b,n,287,-249
b,n,288,-249
b,n,289,7
b,n,290,7
b,n,291,7
b,n,292,7
b,n,293,7
b,n,294,7
b,n,295,7
b,n,296,7
b,n,297,7
b,n,298,7
b,n,299,7
b,n,300,7
b,l,1,0
b,l,2,0
b,l,3,0
b,l,4,0
b,l,5,0
b,l,6,0
b,l,7,0
b,l,8,0
b,l,9,-1
b,l,10,0
b,l,11,0
b,l,12,0
b,l,13,0
b,l,14,0
b,l,15,-2
b,l,16,0
b,l,17,0
b,l,18,0
b,l,19,0
b,l,20,0
b,l,21,0
b,l,22,1
b,l,23,1
b,l,24,0
b,l,25,0
b,l,26,0
b,l,27,1
b,l,28,0
b,l,29,-1
b,l,30,1
b,l,31,1
b,l,32,0
b,l,33,0
b,l,34,0
b,l,35,0
b,l,36,0
b,l,37,-1
b,l,38,-1
b,l,39,0
b,l,40,0
b,l,41,0
b,l,42,0
b,l,43,-1
b,l,44,-2
b,l,45,-1
b,l,46,0
b,l,47,-1
b,l,48,0
b,l,49,0
b,l,50,0
b,l,51,-1
b,l,52,0
b,l,53,0
b,l,54,0
b,l,55,-2
b,l,56,0
b,l,57,-1
b,l,58,-1
b,l,59,-2
b,l,60,-1
b,l,61,0
b,l,62,0
b,l,63,-1
b,l,64,0
b,l,65,0
b,l,66,0
b,l,67,0
b,l,68,-1
b,l,69,-2
b,l,70,-2
b,l,71,-1
b,l,72,0
b,l,73,-1
b,l,74,0
b,l,75,0
b,l,76,1
b,l,77,0
b,l,78,0
b,l,79,1
b,l,80,0
b,l,81,-1
b,l,82,0
b,l,83,0
b,l,84,0
b,l,85,0
b,l,86,1
b,l,87,1
b,l,88,1
b,l,89,0
b,l,90,0
b,l,91,-1
b,l,92,-1
b,l,93,-1
b,l,94,0
b,l,95,-1
b,l,96,0
b,l,97,0
b,l,98,0
b,l,99,-1
b,l,100,-1
b,l,101,-1
b,l,102,0
b,l,103,0
b,l,104,1
b,l,105,0
b,l,106,0
b,l,107,0
b,l,108,0
b,l,109,0
b,l,110,-1
b,l,111,-1
b,l,112,-1
b,l,113,0
b,l,114,0
b,l,115,-1
b,l,116,-3
b,l,117,-1
b,l,118,0
b,l,119,0
b,l,120,-2
b,l,121,0
b,l,122,0
b,l,123,0
b,l,124,-1
b,l,125,0
b,l,126,1
b,l,127,1
b,l,128,1
b,l,129,0
b,l,130,0
b,l,131,0
b,l,132,0
b,l,133,0
b,l,134,-1
b,l,135,-3
b,l,136,-9
b,l,137,-15
b,l,138,-23
b,l,139,-35
b,l,140,-44
b,l,141,-52
b,l,142,-57
b,l,143,-58
b,l,144,-59
b,l,145,-58
b,l,146,-57
b,l,147,-56
b,l,148,-55
b,l,149,-53
b,l,150,-48
b,l,151,-44
b,l,152,-42
b,l,153,-36
b,l,154,-30
b,l,155,-25
b,l,156,-19
b,l,157,-16
b,l,158,-12
b,l,159,-9
b,l,160,-6
b,l,161,-5
b,l,162,-3
b,l,163,-2
b,l,164,-1
b,l,165,0
b,l,166,0
b,l,167,0
b,l,168,0
b,l,169,0
b,l,170,0
b,l,171,0
b,l,172,0
b,l,173,-1
b,l,174,-1
b,l,175,-1
b,l,176,-1
b,l,177,-1
b,l,178,-1
b,l,179,0
b,l,180,-1
b,l,181,0
b,l,182,-1
b,l,183,-3
b,l,184,-2
b,l,185,-3
b,l,186,-2
b,l,187,-1
b,l,188,0
b,l,189,0
b,l,190,-1
b,l,191,-2
b,l,192,0
b,l,193,0
b,l,194,0
b,l,195,1
b,l,196,1
b,l,197,0
b,l,198,0
b,l,199,0
b,l,200,0
b,l,201,-1
b,l,202,-1
b,l,203,-1
b,l,204,0
b,l,205,0
b,l,206,0
b,l,207,1
b,l,208,1
b,l,209,0
b,l,210,0
b,l,211,0
b,l,212,0
b,l,213,-1
b,l,214,-1
b,l,215,-1
b,l,216,0
b,l,217,-1
b,l,218,-2
b,l,219,-2
b,l,220,-1
b,l,221,-1
b,l,222,-1
b,l,223,0
b,l,224,0
b,l,225,-1
b,l,226,0
b,l,227,0
b,l,228,0
b,l,229,0
b,l,230,1
b,l,231,1
b,l,232,1
b,l,233,1
b,l,234,2
b,l,235,0
b,l,236,0
b,l,237,-1
b,l,238,-1
b,l,239,-1
b,l,240,0
b,l,241,0
b,l,242,0
b,l,243,0
b,l,244,0
b,l,245,0
b,l,246,1
b,l,247,1
b,l,248,1
b,l,249,3
b,l,250,0
b,l,251,1
b,l,252,2
b,l,253,0
b,l,254,1
b,l,255,0
b,l,256,1
b,l,257,0
b,l,258,0
b,l,259,0
b,l,260,0
b,l,261,0
b,l,262,-1
b,l,263,-2
b,l,264,0
b,l,265,0
b,l,266,0
b,l,267,-1
b,l,268,-1
b,l,269,-2
b,l,270,-1
b,l,271,-1
b,l,272,-1
b,l,273,-2
b,l,274,-1
b,l,275,-1
b,l,276,-1
b,l,277,-1
b,l,278,-1
b,l,279,0
b,l,280,0
b,l,281,-1
b,l,282,0
b,l,283,-1
b,l,284,0
b,l,285,0
b,l,286,-1
b,l,287,-351
b,l,288,-351
b,l,289,-94
b,l,290,-94
b,l,291,-94
b,l,292,-94
b,l,293,-94
b,l,294,-94
b,l,295,-94
b,l,296,-94
b,l,297,-94
b,l,298,-94
b,l,299,-94
b,l,300,-94
b,r,1,-2
b,r,2,0
b,r,3,0
b,r,4,0
b,r,5,-1
b,r,6,-1
b,r,7,0
b,r,8,0
b,r,9,0
b,r,10,0
b,r,11,0
b,r,12,1
b,r,13,0
b,r,14,1
b,r,15,1
b,r,16,0
b,r,17,0
b,r,18,1
b,r,19,1
b,r,20,0
b,r,21,0
b,r,22,0
b,r,23,0
b,r,24,0
b,r,25,0
b,r,26,0
b,r,27,0
b,r,28,0
b,r,29,0
b,r,30,0
b,r,31,0
b,r,32,0
b,r,33,1
b,r,34,0
b,r,35,0
b,r,36,-1
b,r,37,0
b,r,38,1
b,r,39,1
b,r,40,0
b,r,41,0
b,r,42,0
b,r,43,0
b,r,44,1
b,r,45,0
b,r,46,0
b,r,47,-1
b,r,48,-1
b,r,49,-1
b,r,50,-1
b,r,51,0
b,r,52,0
b,r,53,0
b,r,54,0
b,r,55,0
b,r,56,0
b,r,57,-1
b,r,58,-1
b,r,59,0
b,r,60,-1
b,r,61,-2
b,r,62,-3
b,r,63,-3
b,r,64,-1
b,r,65,0
b,r,66,0
b,r,67,0
b,r,68,1
b,r,69,0
b,r,70,1
b,r,71,0
b,r,72,-1
b,r,73,0
b,r,74,-1
b,r,75,-1
b,r,76,0
b,r,77,0
b,r,78,-1
b,r,79,0
b,r,80,-1
b,r,81,0
b,r,82,0
b,r,83,0
b,r,84,1
b,r,85,0
b,r,86,0
b,r,87,1
b,r,88,2
b,r,89,0
b,r,90,0
b,r,91,0
b,r,92,0
b,r,93,0
b,r,94,-1
b,r,95,-1
b,r,96,-1
b,r,97,-1
b,r,98,0
b,r,99,0
b,r,100,-1
b,r,101,0
b,r,102,0
b,r,103,0
b,r,104,0
b,r,105,-2
b,r,106,-1
b,r,107,-1
b,r,108,0
b,r,109,0
b,r,110,0
b,r,111,-1
b,r,112,0
b,r,113,2
b,r,114,1
b,r,115,0
b,r,116,0
b,r,117,0
b,r,118,1
b,r,119,1
b,r,120,0
b,r,121,0
b,r,122,0
b,r,123,-2
b,r,124,-2
b,r,125,-2
b,r,126,0
b,r,127,-1
b,r,128,0
b,r,129,0
b,r,130,-1
b,r,131,-1
b,r,132,-1
b,r,133,0
b,r,134,0
b,r,135,0
b,r,136,2
b,r,137,0
b,r,138,0
b,r,139,-2
b,r,140,-1
b,r,141,-5
b,r,142,-7
b,r,143,-10
b,r,144,-12
b,r,145,-14
b,r,146,-15
b,r,147,-18
b,r,148,-19
b,r,149,-20
b,r,150,-19
b,r,151,-19
b,r,152,-19
b,r,153,-18
b,r,154,-16
b,r,155,-14
b,r,156,-12
b,r,157,-12
b,r,158,-9
b,r,159,-9
b,r,160,-7
b,r,161,-8
b,r,162,-8
b,r,163,-7
b,r,164,-6
b,r,165,-5
b,r,166,-4
b,r,167,-2
b,r,168,-3
b,r,169,-4
b,r,170,-5
b,r,171,-4
b,r,172,-5
b,r,173,-5
b,r,174,-3
b,r,175,-4
b,r,176,-1
b,r,177,-1
b,r,178,0
b,r,179,-3
b,r,180,-1
b,r,181,-2
b,r,182,-2
b,r,183,-2
b,r,184,-2
b,r,185,-3
b,r,186,-1
b,r,187,-1
b,r,188,-2
b,r,189,-1
b,r,190,-1
b,r,191,-2
b,r,192,-3
b,r,193,-2
b,r,194,-2
b,r,195,-3
b,r,196,-4
b,r,197,-2
b,r,198,-2
b,r,199,-3
b,r,200,-3
b,r,201,-3
b,r,202,-3
b,r,203,-4
b,r,204,-2
b,r,205,-3
b,r,206,-4
b,r,207,-5
b,r,208,-6
b,r,209,-6
b,r,210,-6
b,r,211,-6
b,r,212,-4
b,r,213,-3
b,r,214,-3
b,r,215,-4
b,r,216,-3
b,r,217,-2
b,r,218,-1
b,r,219,0
b,r,220,-2
b,r,221,-3
b,r,222,-3
b,r,223,-3
b,r,224,-2
b,r,225,-4
b,r,226,-4
b,r,227,-3
b,r,228,-2
b,r,229,-2
b,r,230,-2
b,r,231,-2
b,r,232,0
b,r,233,-1
b,r,234,0
b,r,235,-3
b,r,236,-2
b,r,237,-4
b,r,238,-2
b,r,239,-4
b,r,240,-2
b,r,241,-3
b,r,242,-2
b,r,243,-2
b,r,244,-2
b,r,245,-3
b,r,246,-4
b,r,247,-4
b,r,248,-3
b,r,249,-2
b,r,250,-4
b,r,251,-4
b,r,252,-3
b,r,253,-2
b,r,254,-2
b,r,255,-1
b,r,256,-2
b,r,257,-4
b,r,258,-2
b,r,259,-2
b,r,260,-3
b,r,261,-5
b,r,262,-4
b,r,263,-5
b,r,264,-5
b,r,265,-4
b,r,266,-4
b,r,267,-3
b,r,268,-3
b,r,269,-5
b,r,270,-3
b,r,271,-3
b,r,272,-3
b,r,273,-3
b,r,274,-4
b,r,275,-3
b,r,276,-4
b,r,277,-3
b,r,278,-3
b,r,279,-5
b,r,280,-5
b,r,281,-4
b,r,282,-4
b,r,283,-3
b,r,284,-2
b,r,285,-2
b,r,286,-2
b,r,287,-332
b,r,288,-332
b,r,289,-75
b,r,290,-75
b,r,291,-75
b,r,292,-75
b,r,293,-75
b,r,294,-75
b,r,295,-75
b,r,296,-75
b,r,297,-75
b,r,298,-75
b,r,299,-75
b,r,300,-75
b,u,1,-1
b,u,2,-1
b,u,3,0
b,u,4,0
b,u,5,0
b,u,6,1
b,u,7,0
b,u,8,-1
b,u,9,-1
b,u,10,0
b,u,11,0
b,u,12,1
b,u,13,2
b,u,14,1
b,u,15,0
b,u,16,1
b,u,17,2
b,u,18,1
b,u,19,0
b,u,20,0
b,u,21,0
b,u,22,0
b,u,23,0
b,u,24,0
b,u,25,-1
b,u,26,0
b,u,27,0
b,u,28,0
b,u,29,-1
b,u,30,-1
b,u,31,-1
b,u,32,-1
b,u,33,0
b,u,34,2
b,u,35,2
b,u,36,1
b,u,37,1
b,u,38,0
b,u,39,0
b,u,40,0
b,u,41,0
b,u,42,0
b,u,43,0
b,u,44,0
b,u,45,2
b,u,46,1
b,u,47,0
b,u,48,-1
b,u,49,-1
b,u,50,0
b,u,51,0
b,u,52,-3
b,u,53,-2
b,u,54,-1
b,u,55,-1
b,u,56,-1
b,u,57,0
b,u,58,0
b,u,59,0
b,u,60,0
b,u,61,-1
b,u,62,0
b,u,63,1
b,u,64,0
b,u,65,-1
b,u,66,0
b,u,67,0
b,u,68,0
b,u,69,0
b,u,70,1
b,u,71,0
b,u,72,0
b,u,73,0
b,u,74,1
b,u,75,0
b,u,76,0
b,u,77,1
b,u,78,0
b,u,79,-1
b,u,80,0
b,u,81,0
b,u,82,0
b,u,83,0
b,u,84,0
b,u,85,0
b,u,86,-1
b,u,87,0
b,u,88,0
b,u,89,-2
b,u,90,-2
b,u,91,-1
b,u,92,-1
b,u,93,-1
b,u,94,0
b,u,95,0
b,u,96,0
b,u,97,0
b,u,98,0
b,u,99,0
b,u,100,0
b,u,101,-1
b,u,102,0
b,u,103,0
b,u,104,0
b,u,105,0
b,u,106,0
b,u,107,0
b,u,108,-1
b,u,109,-1
b,u,110,0
b,u,111,-1
b,u,112,-1
b,u,113,-1
b,u,114,0
b,u,115,1
b,u,116,1
b,u,117,1
b,u,118,0
b,u,119,0
b,u,120,0
b,u,121,-1
b,u,122,0
b,u,123,0
b,u,124,0
b,u,125,0
b,u,126,-1
b,u,127,-1
b,u,128,0
b,u,129,0
b,u,130,1
b,u,131,0
b,u,132,0
b,u,133,0
b,u,134,1
b,u,135,0
b,u,136,-2
b,u,137,-6
b,u,138,-16
b,u,139,-31
b,u,140,-48
b,u,141,-65
b,u,142,-78
b,u,143,-87
b,u,144,-93
b,u,145,-95
b,u,146,-94
b,u,147,-93
b,u,148,-90
b,u,149,-83
b,u,150,-79
b,u,151,-73
b,u,152,-65
b,u,153,-56
b,u,154,-48
b,u,155,-40
b,u,156,-33
b,u,157,-25
b,u,158,-21
b,u,159,-15
b,u,160,-12
b,u,161,-9
b,u,162,-7
b,u,163,-5
b,u,164,-4
b,u,165,-3
b,u,166,-3
b,u,167,-4
b,u,168,-4
b,u,169,-4
b,u,170,-2
b,u,171,-2
b,u,172,-3
b,u,173,-1
b,u,174,0
b,u,175,0
b,u,176,0
b,u,177,0
b,u,178,0
b,u,179,1
b,u,180,0
b,u,181,0
b,u,182,-1
b,u,183,0
b,u,184,-1
b,u,185,-2
b,u,186,0
b,u,187,0
b,u,188,0
b,u,189,-1
b,u,190,-1
b,u,191,-1
b,u,192,0
b,u,193,-1
b,u,194,-2
b,u,195,-1
b,u,196,-1
b,u,197,-1
b,u,198,-1
b,u,199,0
b,u,200,0
b,u,201,0
b,u,202,0
b,u,203,0
b,u,204,0
b,u,205,-1
b,u,206,0
b,u,207,0
b,u,208,0
b,u,209,0
b,u,210,0
b,u,211,0
b,u,212,0
b,u,213,0
b,u,214,0
b,u,215,0
b,u,216,-1
b,u,217,0
b,u,218,0
b,u,219,-1
b,u,220,0
b,u,221,0
b,u,222,1
b,u,223,0
b,u,224,-1
b,u,225,-1
b,u,226,-1
b,u,227,-1
b,u,228,-1
b,u,229,-1
b,u,230,-1
b,u,231,0
b,u,232,0
b,u,233,0
b,u,234,0
b,u,235,0
b,u,236,1
b,u,237,0
b,u,238,0
b,u,239,1
b,u,240,0
b,u,241,0
b,u,242,-1
b,u,243,0
b,u,244,0
b,u,245,0
b,u,246,-1
b,u,247,0
b,u,248,0
b,u,249,0
b,u,250,0
b,u,251,0
b,u,252,2
b,u,253,1
b,u,254,0
b,u,255,-1
b,u,256,-1
b,u,257,0
b,u,258,0
b,u,259,0
b,u,260,0
b,u,261,-1
b,u,262,0
b,u,263,0
b,u,264,0
b,u,265,-1
b,u,266,0
b,u,267,-1
b,u,268,0
b,u,269,0
b,u,270,0
b,u,271,0
b,u,272,0
b,u,273,0
b,u,274,-1
b,u,275,-1
b,u,276,0
b,u,277,2
b,u,278,1
b,u,279,1
b,u,280,0
b,u,281,2
b,u,282,1
b,u,283,1
b,u,284,0
b,u,285,2
b,u,286,1
b,u,287,-324
b,u,288,-324
b,u,289,-67
b,u,290,-67
b,u,291,-67
b,u,292,-67
b,u,293,-67
b,u,294,-67
b,u,295,-67
b,u,296,-67
b,u,297,-67
b,u,298,-67
b,u,299,-67
b,u,300,-67
b,d,1,0
b,d,2,2
b,d,3,1
b,d,4,1
b,d,5,0
b,d,6,2
b,d,7,2
b,d,8,0
b,d,9,0
b,d,10,1
b,d,11,0
b,d,12,0
b,d,13,-1
b,d,14,0
b,d,15,1
b,d,16,0
b,d,17,0
b,d,18,0
b,d,19,0
b,d,20,0
b,d,21,-1
b,d,22,-1
b,d,23,-3
b,d,24,-2
b,d,25,0
b,d,26,-1
b,d,27,-1
b,d,28,0
b,d,29,0
b,d,30,-1
b,d,31,-1
b,d,32,0
b,d,33,-2
b,d,34,-1
b,d,35,0
b,d,36,0
b,d,37,0
b,d,38,-1
b,d,39,-2
b,d,40,-1
b,d,41,-1
b,d,42,-2
b,d,43,-3
b,d,44,-1
b,d,45,-1
b,d,46,0
b,d,47,0
b,d,48,0
b,d,49,0
b,d,50,0
b,d,51,0
b,d,52,0
b,d,53,-1
b,d,54,0
b,d,55,0
b,d,56,0
b,d,57,0
b,d,58,0
b,d,59,0
b,d,60,0
b,d,61,-1
b,d,62,-1
b,d,63,0
b,d,64,2
b,d,65,0
b,d,66,0
b,d,67,0
b,d,68,0
b,d,69,-1
b,d,70,0
b,d,71,0
b,d,72,-1
b,d,73,0
b,d,74,0
b,d,75,0
b,d,76,1
b,d,77,0
b,d,78,0
b,d,79,0
b,d,80,1
b,d,81,0
b,d,82,0
b,d,83,0
b,d,84,0
b,d,85,0
b,d,86,0
b,d,87,0
b,d,88,0
b,d,89,-2
b,d,90,0
b,d,91,-1
b,d,92,-1
b,d,93,0
b,d,94,0
b,d,95,0
b,d,96,0
b,d,97,0
b,d,98,-1
b,d,99,-3
b,d,100,0
b,d,101,1
b,d,102,0
b,d,103,0
b,d,104,0
b,d,105,0
b,d,106,0
b,d,107,-1
b,d,108,-1
b,d,109,0
b,d,110,0
b,d,111,-1
b,d,112,0
b,d,113,0
b,d,114,0
b,d,115,-1
b,d,116,0
b,d,117,-1
b,d,118,2
b,d,119,1
b,d,120,1
b,d,121,0
b,d,122,0
b,d,123,0
b,d,124,0
b,d,125,0
b,d,126,0
b,d,127,-1
b,d,128,0
b,d,129,-1
b,d,130,0
b,d,131,-3
b,d,132,-2
b,d,133,-1
b,d,134,-1
b,d,135,0
b,d,136,0
b,d,137,0
b,d,138,1
b,d,139,-1
b,d,140,-4
b,d,141,-7
b,d,142,-13
b,d,143,-19
b,d,144,-24
b,d,145,-29
b,d,146,-33
b,d,147,-38
b,d,148,-40
b,d,149,-42
b,d,150,-43
b,d,151,-42
b,d,152,-41
b,d,153,-38
b,d,154,-33
b,d,155,-31
b,d,156,-27
b,d,157,-21
b,d,158,-17
b,d,159,-15
b,d,160,-14
b,d,161,-12
b,d,162,-11
b,d,163,-10
b,d,164,-8
b,d,165,-8
b,d,166,-5
b,d,167,-6
b,d,168,-5
b,d,169,-5
b,d,170,-6
b,d,171,-6
b,d,172,-5
b,d,173,-6
b,d,174,-4
b,d,175,-4
b,d,176,-3
b,d,177,-3
b,d,178,-2
b,d,179,-2
b,d,180,0
b,d,181,-2
b,d,182,-2
b,d,183,-3
b,d,184,-2
b,d,185,-4
b,d,186,-1
b,d,187,-2
b,d,188,-2
b,d,189,-3
b,d,190,-4
b,d,191,-4
b,d,192,-5
b,d,193,-4
b,d,194,-5
b,d,195,-6
b,d,196,-6
b,d,197,-7
b,d,198,-7
b,d,199,-6
b,d,200,-4
b,d,201,-6
b,d,202,-7
b,d,203,-8
b,d,204,-6
b,d,205,-6
b,d,206,-4
b,d,207,-6
b,d,208,-6
b,d,209,-7
b,d,210,-6
b,d,211,-6
b,d,212,-6
b,d,213,-7
b,d,214,-6
b,d,215,-7
b,d,216,-4
b,d,217,-5
b,d,218,-5
b,d,219,-5
b,d,220,-5
b,d,221,-5
b,d,222,-5
b,d,223,-5
b,d,224,-6
b,d,225,-6
b,d,226,-6
b,d,227,-6
b,d,228,-4
b,d,229,-6
b,d,230,-5
b,d,231,-5
b,d,232,-4
b,d,233,-5
b,d,234,-4
b,d,235,-5
b,d,236,-3
b,d,237,-7
b,d,238,-4
b,d,239,-4
b,d,240,-3
b,d,241,-2
b,d,242,-3
b,d,243,-3
b,d,244,-2
b,d,245,-2
b,d,246,-3
b,d,247,-3
b,d,248,-2
b,d,249,-2
b,d,250,-5
b,d,251,-6
b,d,252,-6
b,d,253,-6
b,d,254,-6
b,d,255,-6
b,d,256,-6
b,d,257,-3
b,d,258,-5
b,d,259,-5
b,d,260,-6
b,d,261,-5
b,d,262,-3
b,d,263,-4
b,d,264,-5
b,d,265,-5
b,d,266,-5
b,d,267,-4
b,d,268,-4
b,d,269,-5
b,d,270,-5
b,d,271,-7
b,d,272,-8
b,d,273,-6
b,d,274,-6
b,d,275,-5
b,d,276,-6
b,d,277,-6
b,d,278,-4
b,d,279,-6
b,d,280,-5
b,d,281,-4
b,d,282,-4
b,d,283,-4
b,d,284,-4
b,d,285,-2
b,d,286,-3
b,d,287,-383
b,d,288,-383
b,d,289,-126
b,d,290,-126
b,d,291,-126
b,d,292,-126
b,d,293,-126
b,d,294,-126
b,d,295,-126
b,d,296,-126
b,d,297,-126
b,d,298,-126
b,d,299,-126
b,d,300,-126
b,c,1,-1
b,c,2,-2
b,c,3,0
b,c,4,0
b,c,5,0
b,c,6,0
b,c,7,-1
b,c,8,0
b,c,9,0
b,c,10,0
b,c,11,0
b,c,12,0
b,c,13,-1
b,c,14,0
b,c,15,0
b,c,16,0
b,c,17,0
b,c,18,0
b,c,19,1
b,c,20,1
b,c,21,0
b,c,22,0
b,c,23,1
b,c,24,1
b,c,25,0
b,c,26,0
b,c,27,0
b,c,28,0
b,c,29,0
b,c,30,0
b,c,31,0
b,c,32,-1
b,c,33,0
b,c,34,0
b,c,35,0
b,c,36,0
b,c,37,0
b,c,38,0
b,c,39,0
b,c,40,-1
b,c,41,0
b,c,42,0
b,c,43,0
b,c,44,0
b,c,45,1
b,c,46,0
b,c,47,0
b,c,48,1
b,c,49,0
b,c,50,0
b,c,51,0
b,c,52,-2
b,c,53,0
b,c,54,-1
b,c,55,0
b,c,56,0
b,c,57,-1
b,c,58,-1
b,c,59,0
b,c,60,0
b,c,61,0
b,c,62,0
b,c,63,0
b,c,64,-2
b,c,65,-2
b,c,66,-2
b,c,67,-3
b,c,68,-1
b,c,69,-1
b,c,70,-1
b,c,71,-3
b,c,72,-1
b,c,73,0
b,c,74,0
b,c,75,0
b,c,76,-1
b,c,77,0
b,c,78,0
b,c,79,0
b,c,80,0
b,c,81,0
b,c,82,0
b,c,83,1
b,c,84,1
b,c,85,0
b,c,86,0
b,c,87,0
b,c,88,-2
b,c,89,0
b,c,90,0
b,c,91,0
b,c,92,0
b,c,93,-1
b,c,94,0
b,c,95,1
b,c,96,0
b,c,97,2
b,c,98,2
b,c,99,2
b,c,100,1
b,c,101,0
b,c,102,0
b,c,103,0
b,c,104,0
b,c,105,0
b,c,106,-1
b,c,107,0
b,c,108,0
b,c,109,0
b,c,110,-2
b,c,111,-1
b,c,112,0
b,c,113,1
b,c,114,0
b,c,115,0
b,c,116,1
b,c,117,1
b,c,118,2
b,c,119,0
b,c,120,-1
b,c,121,-1
b,c,122,-1
b,c,123,-1
b,c,124,0
b,c,125,0
b,c,126,0
b,c,127,0
b,c,128,-1
b,c,129,-1
b,c,130,-1
b,c,131,-1
b,c,132,0
b,c,133,0
b,c,134,-1
b,c,135,0
b,c,136,3
b,c,137,9
b,c,138,19
b,c,139,34
b,c,140,51
b,c,141,70
b,c,142,92
b,c,143,115
b,c,144,137
b,c,145,160
b,c,146,188
b,c,147,214
b,c,148,239
b,c,149,271
b,c,150,302
b,c,151,334
b,c,152,370
b,c,153,413
b,c,154,457
b,c,155,509
b,c,156,559
b,c,157,616
b,c,158,668
b,c,159,712
b,c,160,750
b,c,161,779
b,c,162,803
b,c,163,821
b,c,164,835
b,c,165,846
b,c,166,854
b,c,167,859
b,c,168,866
b,c,169,869
b,c,170,874
b,c,171,877
b,c,172,880
b,c,173,883
b,c,174,884
b,c,175,886
b,c,176,886
b,c,177,887
b,c,178,889
b,c,179,890
b,c,180,890
b,c,181,890
b,c,182,889
b,c,183,889
b,c,184,890
b,c,185,890
b,c,186,891
b,c,187,890
b,c,188,890
b,c,189,892
b,c,190,889
b,c,191,890
b,c,192,889
b,c,193,888
b,c,194,887
b,c,195,888
b,c,196,887
b,c,197,887
b,c,198,886
b,c,199,887
b,c,200,887
b,c,201,885
b,c,202,884
b,c,203,884
b,c,204,885
b,c,205,886
b,c,206,884
b,c,207,884
b,c,208,883
b,c,209,882
b,c,210,883
b,c,211,882
b,c,212,881
b,c,213,881
b,c,214,881
b,c,215,882
b,c,216,882
b,c,217,884
b,c,218,883
b,c,219,883
b,c,220,881
b,c,221,881
b,c,222,880
b,c,223,881
b,c,224,881
b,c,225,880
b,c,226,881
b,c,227,883
b,c,228,883
b,c,229,883
b,c,230,883
b,c,231,883
b,c,232,883
b,c,233,884
b,c,234,882
b,c,235,883
b,c,236,883
b,c,237,882
b,c,238,882
b,c,239,883
b,c,240,881
b,c,241,883
b,c,242,882
b,c,243,882
b,c,244,880
b,c,245,882
b,c,246,881
b,c,247,882
b,c,248,882
b,c,249,884
b,c,250,884
b,c,251,883
b,c,252,882
b,c,253,883
b,c,254,881
b,c,255,880
b,c,256,880
b,c,257,878
b,c,258,879
b,c,259,880
b,c,260,880
b,c,261,880
b,c,262,878
b,c,263,877
b,c,264,878
b,c,265,877
b,c,266,879
b,c,267,878
b,c,268,877
b,c,269,878
b,c,270,878
b,c,271,877
b,c,272,878
b,c,273,877
b,c,274,875
b,c,275,876
b,c,276,875
b,c,277,878
b,c,278,876
b,c,279,874
b,c,280,876
b,c,281,876
b,c,282,874
b,c,283,877
b,c,284,875
b,c,285,874
b,c,286,874
b,c,287,276
b,c,288,276
b,c,289,19
b,c,290,19
b,c,291,19
b,c,292,19
b,c,293,19
b,c,294,19
b,c,295,19
b,c,296,19
b,c,297,19
b,c,298,19
b,c,299,19
b,c,300,19
s,n,1,0
s,n,2,0
s,n,3,0
s,n,4,0
s,n,5,0
s,n,6,0
s,n,7,0
s,n,8,0
s,n,9,0
s,n,10,0
s,n,11,0
s,n,12,0
s,n,13,1
s,n,14,1
s,n,15,0
s,n,16,0
s,n,17,1
s,n,18,0
s,n,19,0
s,n,20,0
s,n,21,0
s,n,22,0
s,n,23,0
s,n,24,0
s,n,25,0
s,n,26,0
s,n,27,0
s,n,28,0
s,n,29,-1
s,n,30,-1
s,n,31,0
s,n,32,0
s,n,33,0
s,n,34,1
s,n,35,1
s,n,36,1
s,n,37,0
s,n,38,0
s,n,39,0
s,n,40,0
s,n,41,0
s,n,42,0
s,n,43,0
s,n,44,0
s,n,45,1
s,n,46,0
s,n,47,0
s,n,48,0
s,n,49,0
s,n,50,0
s,n,51,0
s,n,52,-2
s,n,53,-1
s,n,54,0
s,n,55,0
s,n,56,0
s,n,57,0
s,n,58,0
s,n,59,0
s,n,60,0
s,n,61,0
s,n,62,0
s,n,63,0
s,n,64,0
s,n,65,0
s,n,66,0
s,n,67,0
s,n,68,0
s,n,69,0
s,n,70,0
s,n,71,0
s,n,72,0
s,n,73,0
s,n,74,0
s,n,75,0
s,n,76,-1
s,n,77,0
s,n,78,0
s,n,79,-1
s,n,80,0
s,n,81,0
s,n,82,0
s,n,83,0
s,n,84,0
s,n,85,0
s,n,86,0
s,n,87,0
s,n,88,0
s,n,89,0
s,n,90,0
s,n,91,0
s,n,92,0
s,n,93,0
s,n,94,-1
s,n,95,0
s,n,96,0
s,n,97,0
s,n,98,0
s,n,99,0
s,n,100,0
s,n,101,0
s,n,102,0
s,n,103,0
s,n,104,0
s,n,105,0
s,n,106,0
s,n,107,0
s,n,108,0
s,n,109,0
s,n,110,0
s,n,111,0
s,n,112,-1
s,n,113,0
s,n,114,0
s,n,115,0
s,n,116,0
s,n,117,0
s,n,118,0
s,n,119,0
s,n,120,0
s,n,121,0
s,n,122,0
s,n,123,0
s,n,124,0
s,n,125,0
s,n,126,0
s,n,127,0
s,n,128,0
s,n,129,0
s,n,130,1
s,n,131,0
s,n,132,0
s,n,133,0
s,n,134,2
s,n,135,7
s,n,136,19
s,n,137,38
s,n,138,61
s,n,139,86
s,n,140,112
s,n,141,138
s,n,142,164
s,n,143,189
s,n,144,211
s,n,145,233
s,n,146,253
s,n,147,270
s,n,148,286
s,n,149,304
s,n,150,317
s,n,151,331
s,n,152,344
s,n,153,359
s,n,154,372
s,n,155,384
s,n,156,396
s,n,157,407
s,n,158,414
s,n,159,422
s,n,160,428
s,n,161,433
s,n,162,436
s,n,163,439
s,n,164,441
s,n,165,442
s,n,166,444
s,n,167,443
s,n,168,444
s,n,169,445
s,n,170,447
s,n,171,446
s,n,172,446
s,n,173,447
s,n,174,448
s,n,175,447
s,n,176,448
s,n,177,448
s,n,178,448
s,n,179,448
s,n,180,447
s,n,181,447
s,n,182,447
s,n,183,447
s,n,184,447
s,n,185,446
s,n,186,447
s,n,187,447
s,n,188,448
s,n,189,447
s,n,190,447
s,n,191,447
s,n,192,447
s,n,193,447
s,n,194,446
s,n,195,446
s,n,196,447
s,n,197,447
s,n,198,448
s,n,199,448
s,n,200,448
s,n,201,448
s,n,202,448
s,n,203,448
s,n,204,449
s,n,205,448
s,n,206,448
s,n,207,448
s,n,208,448
s,n,209,447
s,n,210,448
s,n,211,447
s,n,212,448
s,n,213,448
s,n,214,448
s,n,215,448
s,n,216,447
s,n,217,447
s,n,218,447
s,n,219,447
s,n,220,448
s,n,221,448
s,n,222,448
s,n,223,448
s,n,224,447
s,n,225,447
s,n,226,447
s,n,227,447
s,n,228,447
s,n,229,447
s,n,230,447
s,n,231,447
s,n,232,447
s,n,233,446
s,n,234,446
s,n,235,447
s,n,236,447
s,n,237,446
s,n,238,446
s,n,239,447
s,n,240,447
s,n,241,446
s,n,242,446
s,n,243,446
s,n,244,446
s,n,245,445
s,n,246,445
s,n,247,446
s,n,248,447
s,n,249,446
s,n,250,446
s,n,251,446
s,n,252,446
s,n,253,446
s,n,254,445
s,n,255,445
s,n,256,445
s,n,257,445
s,n,258,446
s,n,259,445
s,n,260,445
s,n,261,444
s,n,262,445
s,n,263,445
s,n,264,445
s,n,265,443
s,n,266,445
s,n,267,444
s,n,268,444
s,n,269,443
s,n,270,443
s,n,271,444
s,n,272,444
s,n,273,444
s,n,274,443
s,n,275,442
s,n,276,443
s,n,277,444
s,n,278,444
s,n,279,444
s,n,280,443
s,n,281,445
s,n,282,444
s,n,283,444
s,n,284,443
s,n,285,444
s,n,286,444
s,n,287,-323
s,n,288,-323
s,n,289,-66
s,n,290,-66
s,n,291,-66
s,n,292,-66
s,n,293,-66
s,n,294,-66
s,n,295,-66
s,n,296,-66
s,n,297,-66
s,n,298,-66
s,n,299,-66
s,n,300,-66
s,l,1,0
s,l,2,0
s,l,3,0
s,l,4,0
s,l,5,0
s,l,6,0
s,l,7,0
s,l,8,0
s,l,9,0
s,l,10,0
s,l,11,0
s,l,12,0
s,l,13,0
s,l,14,0
s,l,15,0
s,l,16,0
s,l,17,0
s,l,18,0
s,l,19,0
s,l,20,0
s,l,21,0
s,l,22,0
s,l,23,0
s,l,24,0
s,l,25,0
s,l,26,0
s,l,27,0
s,l,28,0
s,l,29,0
s,l,30,0
s,l,31,0
s,l,32,-1
s,l,33,-2
s,l,34,0
s,l,35,-1
s,l,36,0
s,l,37,0
s,l,38,0
s,l,39,0
s,l,40,0
s,l,41,0
s,l,42,1
s,l,43,0
s,l,44,0
s,l,45,0
s,l,46,0
s,l,47,0
s,l,48,0
s,l,49,0
s,l,50,0
s,l,51,1
s,l,52,1
s,l,53,1
s,l,54,0
s,l,55,0
s,l,56,0
s,l,57,0
s,l,58,0
s,l,59,0
s,l,60,0
s,l,61,0
s,l,62,0
s,l,63,0
s,l,64,0
s,l,65,0
s,l,66,0
s,l,67,0
s,l,68,0
s,l,69,0
s,l,70,0
s,l,71,0
s,l,72,0
s,l,73,-1
s,l,74,0
s,l,75,0
s,l,76,0
s,l,77,0
s,l,78,0
s,l,79,0
s,l,80,0
s,l,81,0
s,l,82,0
s,l,83,0
s,l,84,0
s,l,85,0
s,l,86,0
s,l,87,0
s,l,88,0
s,l,89,0
s,l,90,1
s,l,91,0
s,l,92,0
s,l,93,0
s,l,94,0
s,l,95,0
s,l,96,0
s,l,97,0
s,l,98,0
s,l,99,0
s,l,100,0
s,l,101,0
s,l,102,0
s,l,103,0
s,l,104,0
s,l,105,0
s,l,106,0
s,l,107,0
s,l,108,0
s,l,109,0
s,l,110,-1
s,l,111,0
s,l,112,0
s,l,113,0
s,l,114,0
s,l,115,0
s,l,116,0
s,l,117,0
s,l,118,0
s,l,119,0
s,l,120,0
s,l,121,0
s,l,122,0
s,l,123,0
s,l,124,0
s,l,125,0
s,l,126,0
s,l,127,0
s,l,128,0
s,l,129,-1
s,l,130,0
s,l,131,0
s,l,132,0
s,l,133,-1
s,l,134,-1
s,l,135,-2
s,l,136,-4
s,l,137,-9
s,l,138,-15
s,l,139,-24
s,l,140,-31
s,l,141,-38
s,l,142,-41
s,l,143,-45
s,l,144,-49
s,l,145,-50
s,l,146,-51
s,l,147,-51
s,l,148,-50
s,l,149,-49
s,l,150,-45
s,l,151,-43
s,l,152,-39
s,l,153,-36
s,l,154,-32
s,l,155,-27
s,l,156,-22
s,l,157,-18
s,l,158,-13
s,l,159,-11
s,l,160,-9
s,l,161,-7
s,l,162,-6
s,l,163,-5
s,l,164,-3
s,l,165,-4
s,l,166,-3
s,l,167,-4
s,l,168,-3
s,l,169,-3
s,l,170,-4
s,l,171,-2
s,l,172,0
s,l,173,-1
s,l,174,-1
s,l,175,-1
s,l,176,0
s,l,177,-1
s,l,178,-1
s,l,179,0
s,l,180,-1
s,l,181,-1
s,l,182,-1
s,l,183,-1
s,l,184,-1
s,l,185,-1
s,l,186,-1
s,l,187,0
s,l,188,-1
s,l,189,-1
s,l,190,0
s,l,191,0
s,l,192,0
s,l,193,-1
s,l,194,-1
s,l,195,-1
s,l,196,0
s,l,197,0
s,l,198,0
s,l,199,-1
s,l,200,-1
s,l,201,-1
s,l,202,-1
s,l,203,-1
s,l,204,-1
s,l,205,-1
s,l,206,-1
s,l,207,0
s,l,208,-1
s,l,209,0
s,l,210,0
s,l,211,-1
s,l,212,-1
s,l,213,-1
s,l,214,-1
s,l,215,-1
s,l,216,0
s,l,217,0
s,l,218,0
s,l,219,-1
s,l,220,0
s,l,221,-1
s,l,222,-1
s,l,223,-1
s,l,224,-2
s,l,225,-1
s,l,226,0
s,l,227,-1
s,l,228,0
s,l,229,-1
s,l,230,0
s,l,231,0
s,l,232,0
s,l,233,-1
s,l,234,-1
s,l,235,-1
s,l,236,0
s,l,237,0
s,l,238,0
s,l,239,0
s,l,240,0
s,l,241,-1
s,l,242,-1
s,l,243,-2
s,l,244,-1
s,l,245,0
s,l,246,0
s,l,247,0
s,l,248,0
s,l,249,0
s,l,250,0
s,l,251,0
s,l,252,0
s,l,253,-1
s,l,254,-1
s,l,255,-1
s,l,256,-1
s,l,257,-1
s,l,258,0
s,l,259,-1
s,l,260,0
s,l,261,-1
s,l,262,-1
s,l,263,0
s,l,264,0
s,l,265,0
s,l,266,0
s,l,267,0
s,l,268,0
s,l,269,0
s,l,270,-1
s,l,271,-2
s,l,272,-1
s,l,273,-1
s,l,274,0
s,l,275,-1
s,l,276,-1
s,l,277,-1
s,l,278,0
s,l,279,-1
s,l,280,-1
s,l,281,-1
s,l,282,-1
s,l,283,-1
s,l,284,-1
s,l,285,-2
s,l,286,-1
s,l,287,-318
s,l,288,-318
s,l,289,-61
s,l,290,-61
s,l,291,-61
s,l,292,-61
s,l,293,-61
s,l,294,-61
s,l,295,-61
s,l,296,-61
s,l,297,-61
s,l,298,-61
s,l,299,-61
s,l,300,-61
s,r,1,0
s,r,2,0
s,r,3,0
s,r,4,0
s,r,5,0
s,r,6,0
s,r,7,1
s,r,8,1
s,r,9,0
s,r,10,0
s,r,11,0
s,r,12,0
s,r,13,1
s,r,14,0
s,r,15,0
s,r,16,0
s,r,17,0
s,r,18,0
s,r,19,0
s,r,20,0
s,r,21,-1
s,r,22,0
s,r,23,0
s,r,24,0
s,r,25,0
s,r,26,0
s,r,27,0
s,r,28,0
s,r,29,0
s,r,30,-1
s,r,31,0
s,r,32,0
s,r,33,0
s,r,34,-1
s,r,35,-1
s,r,36,-1
s,r,37,-1
s,r,38,0
s,r,39,0
s,r,40,-1
s,r,41,0
s,r,42,0
s,r,43,-1
s,r,44,-1
s,r,45,-1
s,r,46,-1
s,r,47,-1
s,r,48,0
s,r,49,-1
s,r,50,0
s,r,51,0
s,r,52,0
s,r,53,0
s,r,54,0
s,r,55,0
s,r,56,0
s,r,57,-1
s,r,58,-1
s,r,59,-1
s,r,60,0
s,r,61,-1
s,r,62,0
s,r,63,-1
s,r,64,0
s,r,65,0
s,r,66,-1
s,r,67,0
s,r,68,0
s,r,69,0
s,r,70,-1
s,r,71,-1
s,r,72,0
s,r,73,0
s,r,74,0
s,r,75,0
s,r,76,0
s,r,77,0
s,r,78,-1
s,r,79,0
s,r,80,0
s,r,81,0
s,r,82,0
s,r,83,0
s,r,84,0
s,r,85,0
s,r,86,0
s,r,87,0
s,r,88,0
s,r,89,0
s,r,90,-1
s,r,91,0
s,r,92,0
s,r,93,-1
s,r,94,-1
s,r,95,-1
s,r,96,0
s,r,97,0
s,r,98,0
s,r,99,0
s,r,100,0
s,r,101,-1
s,r,102,-1
s,r,103,-1
s,r,104,0
s,r,105,0
s,r,106,0
s,r,107,0
s,r,108,0
s,r,109,0
s,r,110,0
s,r,111,-1
s,r,112,-1
s,r,113,-1
s,r,114,-2
s,r,115,-1
s,r,116,0
s,r,117,0
s,r,118,0
s,r,119,0
s,r,120,0
s,r,121,0
s,r,122,0
s,r,123,0
s,r,124,0
s,r,125,0
s,r,126,0
s,r,127,0
s,r,128,0
s,r,129,0
s,r,130,0
s,r,131,-1
s,r,132,0
s,r,133,0
s,r,134,0
s,r,135,0
s,r,136,0
s,r,137,0
s,r,138,-3
s,r,139,-4
s,r,140,-7
s,r,141,-10
s,r,142,-13
s,r,143,-15
s,r,144,-19
s,r,145,-21
s,r,146,-21
s,r,147,-22
s,r,148,-22
s,r,149,-22
s,r,150,-22
s,r,151,-21
s,r,152,-21
s,r,153,-21
s,r,154,-20
s,r,155,-17
s,r,156,-14
s,r,157,-12
s,r,158,-11
s,r,159,-9
s,r,160,-7
s,r,161,-7
s,r,162,-6
s,r,163,-5
s,r,164,-3
s,r,165,-3
s,r,166,-3
s,r,167,-3
s,r,168,-3
s,r,169,-3
s,r,170,-3
s,r,171,-2
s,r,172,-1
s,r,173,-2
s,r,174,-1
s,r,175,-2
s,r,176,-2
s,r,177,-2
s,r,178,-2
s,r,179,-2
s,r,180,-2
s,r,181,-2
s,r,182,-2
s,r,183,-1
s,r,184,-1
s,r,185,-2
s,r,186,-1
s,r,187,-2
s,r,188,-1
s,r,189,-2
s,r,190,-2
s,r,191,-2
s,r,192,-2
s,r,193,-2
s,r,194,-2
s,r,195,-1
s,r,196,-2
s,r,197,-3
s,r,198,-3
s,r,199,-2
s,r,200,-3
s,r,201,-2
s,r,202,-3
s,r,203,-3
s,r,204,-3
s,r,205,-2
s,r,206,-2
s,r,207,-2
s,r,208,-2
s,r,209,-2
s,r,210,-2
s,r,211,-2
s,r,212,-2
s,r,213,-2
s,r,214,-2
s,r,215,-2
s,r,216,-3
s,r,217,-4
s,r,218,-3
s,r,219,-3
s,r,220,-3
s,r,221,-2
s,r,222,-2
s,r,223,-3
s,r,224,-2
s,r,225,-1
s,r,226,-1
s,r,227,-2
s,r,228,-2
s,r,229,-2
s,r,230,-2
s,r,231,-2
s,r,232,-3
s,r,233,-3
s,r,234,-2
s,r,235,-2
s,r,236,-4
s,r,237,-3
s,r,238,-2
s,r,239,-3
s,r,240,-2
s,r,241,-3
s,r,242,-2
s,r,243,-1
s,r,244,-2
s,r,245,-2
s,r,246,-2
s,r,247,-2
s,r,248,-2
s,r,249,-2
s,r,250,-2
s,r,251,-1
s,r,252,-2
s,r,253,-2
s,r,254,-2
s,r,255,-2
s,r,256,-2
s,r,257,-1
s,r,258,-1
s,r,259,-1
s,r,260,-1
s,r,261,-2
s,r,262,-3
s,r,263,-3
s,r,264,-2
s,r,265,-2
s,r,266,-2
s,r,267,-1
s,r,268,-2
s,r,269,-3
s,r,270,-2
s,r,271,-2
s,r,272,-3
s,r,273,-2
s,r,274,-3
s,r,275,-3
s,r,276,-2
s,r,277,-2
s,r,278,-1
s,r,279,-2
s,r,280,-2
s,r,281,-2
s,r,282,-2
s,r,283,-3
s,r,284,-3
s,r,285,-3
s,r,286,-3
s,r,287,-342
s,r,288,-342
s,r,289,-85
s,r,290,-85
s,r,291,-85
s,r,292,-85
s,r,293,-85
s,r,294,-85
s,r,295,-85
s,r,296,-85
s,r,297,-85
s,r,298,-85
s,r,299,-85
s,r,300,-85
s,u,1,-1
s,u,2,0
s,u,3,0
s,u,4,0
s,u,5,0
s,u,6,0
s,u,7,0
s,u,8,0
s,u,9,0
s,u,10,0
s,u,11,0
s,u,12,0
s,u,13,0
s,u,14,0
s,u,15,0
s,u,16,0
s,u,17,0
s,u,18,0
s,u,19,-1
s,u,20,-1
s,u,21,0
s,u,22,0
s,u,23,0
s,u,24,0
s,u,25,0
s,u,26,0
s,u,27,0
s,u,28,0
s,u,29,0
s,u,30,0
s,u,31,0
s,u,32,0
s,u,33,0
s,u,34,0
s,u,35,0
s,u,36,0
s,u,37,0
s,u,38,0
s,u,39,0
s,u,40,0
s,u,41,1
s,u,42,0
s,u,43,1
s,u,44,0
s,u,45,0
s,u,46,1
s,u,47,0
s,u,48,0
s,u,49,0
s,u,50,0
s,u,51,0
s,u,52,0
s,u,53,1
s,u,54,1
s,u,55,1
s,u,56,0
s,u,57,0
s,u,58,0
s,u,59,0
s,u,60,0
s,u,61,0
s,u,62,0
s,u,63,-1
s,u,64,0
s,u,65,0
s,u,66,-1
s,u,67,0
s,u,68,0
s,u,69,0
s,u,70,0
s,u,71,-1
s,u,72,0
s,u,73,0
s,u,74,0
s,u,75,0
s,u,76,0
s,u,77,0
s,u,78,0
s,u,79,0
s,u,80,0
s,u,81,0
s,u,82,0
s,u,83,0
s,u,84,0
s,u,85,0
s,u,86,0
s,u,87,0
s,u,88,0
s,u,89,0
s,u,90,0
s,u,91,0
s,u,92,0
s,u,93,1
s,u,94,0
s,u,95,0
s,u,96,1
s,u,97,0
s,u,98,0
s,u,99,0
s,u,100,0
s,u,101,0
s,u,102,0
s,u,103,0
s,u,104,0
s,u,105,0
s,u,106,0
s,u,107,0
s,u,108,0
s,u,109,0
s,u,110,0
s,u,111,0
s,u,112,1
s,u,113,0
s,u,114,0
s,u,115,0
s,u,116,0
s,u,117,0
s,u,118,0
s,u,119,0
s,u,120,0
s,u,121,0
s,u,122,0
s,u,123,0
s,u,124,0
s,u,125,0
s,u,126,0
s,u,127,0
s,u,128,0
s,u,129,0
s,u,130,0
s,u,131,0
s,u,132,0
s,u,133,0
s,u,134,0
s,u,135,0
s,u,136,0
s,u,137,0
s,u,138,0
s,u,139,1
s,u,140,0
s,u,141,-2
s,u,142,-5
s,u,143,-8
s,u,144,-10
s,u,145,-13
s,u,146,-15
s,u,147,-16
s,u,148,-17
s,u,149,-17
s,u,150,-16
s,u,151,-15
s,u,152,-14
s,u,153,-13
s,u,154,-11
s,u,155,-10
s,u,156,-9
s,u,157,-7
s,u,158,-5
s,u,159,-5
s,u,160,-5
s,u,161,-5
s,u,162,-4
s,u,163,-4
s,u,164,-4
s,u,165,-4
s,u,166,-2
s,u,167,-3
s,u,168,-3
s,u,169,-3
s,u,170,-3
s,u,171,-3
s,u,172,-3
s,u,173,-3
s,u,174,-3
s,u,175,-2
s,u,176,-3
s,u,177,-3
s,u,178,-4
s,u,179,-3
s,u,180,-3
s,u,181,-2
s,u,182,-3
s,u,183,-3
s,u,184,-2
s,u,185,-3
s,u,186,-2
s,u,187,-3
s,u,188,-3
s,u,189,-3
s,u,190,-4
s,u,191,-3
s,u,192,-4
s,u,193,-4
s,u,194,-3
s,u,195,-4
s,u,196,-3
s,u,197,-3
s,u,198,-3
s,u,199,-2
s,u,200,-3
s,u,201,-4
s,u,202,-4
s,u,203,-3
s,u,204,-3
s,u,205,-3
s,u,206,-4
s,u,207,-4
s,u,208,-4
s,u,209,-3
s,u,210,-3
s,u,211,-3
s,u,212,-2
s,u,213,-3
s,u,214,-2
s,u,215,-2
s,u,216,-3
s,u,217,-2
s,u,218,-3
s,u,219,-2
s,u,220,-2
s,u,221,-2
s,u,222,-2
s,u,223,-2
s,u,224,-3
s,u,225,-3
s,u,226,-2
s,u,227,-2
s,u,228,-3
s,u,229,-2
s,u,230,-2
s,u,231,-2
s,u,232,-3
s,u,233,-2
s,u,234,-2
s,u,235,-2
s,u,236,-1
s,u,237,-2
s,u,238,-3
s,u,239,-4
s,u,240,-3
s,u,241,-2
s,u,242,-2
s,u,243,-2
s,u,244,-4
s,u,245,-3
s,u,246,-3
s,u,247,-4
s,u,248,-3
s,u,249,-2
s,u,250,-2
s,u,251,-3
s,u,252,-2
s,u,253,-2
s,u,254,-2
s,u,255,-2
s,u,256,-2
s,u,257,-2
s,u,258,-3
s,u,259,-3
s,u,260,-3
s,u,261,-3
s,u,262,-3
s,u,263,-3
s,u,264,-3
s,u,265,-3
s,u,266,-4
s,u,267,-4
s,u,268,-4
s,u,269,-4
s,u,270,-3
s,u,271,-4
s,u,272,-3
s,u,273,-4
s,u,274,-4
s,u,275,-3
s,u,276,-3
s,u,277,-3
s,u,278,-3
s,u,279,-4
s,u,280,-4
s,u,281,-4
s,u,282,-4
s,u,283,-3
s,u,284,-3
s,u,285,-3
s,u,286,-3
s,u,287,-404
s,u,288,-404
s,u,289,-147
s,u,290,-147
s,u,291,-147
s,u,292,-147
s,u,293,-147
s,u,294,-147
s,u,295,-147
s,u,296,-147
s,u,297,-147
s,u,298,-147
s,u,299,-147
s,u,300,-147
s,d,1,-1
s,d,2,0
s,d,3,0
s,d,4,0
s,d,5,0
s,d,6,0
s,d,7,0
s,d,8,0
s,d,9,0
s,d,10,0
s,d,11,0
s,d,12,0
s,d,13,0
s,d,14,0
s,d,15,0
s,d,16,0
s,d,17,0
s,d,18,0
s,d,19,0
s,d,20,0
s,d,21,0
s,d,22,0
s,d,23,0
s,d,24,0
s,d,25,0
s,d,26,0
s,d,27,0
s,d,28,0
s,d,29,0
s,d,30,0
s,d,31,0
s,d,32,0
s,d,33,0
s,d,34,0
s,d,35,0
s,d,36,0
s,d,37,0
s,d,38,0
s,d,39,0
s,d,40,0
s,d,41,1
s,d,42,0
s,d,43,0
s,d,44,0
s,d,45,0
s,d,46,0
s,d,47,0
s,d,48,1
s,d,49,0
s,d,50,0
s,d,51,0
s,d,52,0
s,d,53,0
s,d,54,0
s,d,55,0
s,d,56,0
s,d,57,0
s,d,58,-1
s,d,59,-1
s,d,60,0
s,d,61,0
s,d,62,0
s,d,63,0
s,d,64,-1
s,d,65,0
s,d,66,0
s,d,67,0
s,d,68,0
s,d,69,0
s,d,70,-1
s,d,71,0
s,d,72,0
s,d,73,0
s,d,74,0
s,d,75,0
s,d,76,0
s,d,77,0
s,d,78,0
s,d,79,1
s,d,80,0
s,d,81,0
s,d,82,0
s,d,83,0
s,d,84,0
s,d,85,0
s,d,86,0
s,d,87,0
s,d,88,0
s,d,89,0
s,d,90,0
s,d,91,0
s,d,92,0
s,d,93,0
s,d,94,0
s,d,95,0
s,d,96,0
s,d,97,0
s,d,98,0
s,d,99,0
s,d,100,0
s,d,101,0
s,d,102,0
s,d,103,0
s,d,104,0
s,d,105,0
s,d,106,0
s,d,107,1
s,d,108,0
s,d,109,0
s,d,110,0
s,d,111,0
s,d,112,0
s,d,113,0
s,d,114,0
s,d,115,0
s,d,116,0
s,d,117,0
s,d,118,0
s,d,119,0
s,d,120,0
s,d,121,0
s,d,122,0
s,d,123,0
s,d,124,0
s,d,125,0
s,d,126,0
s,d,127,0
s,d,128,0
s,d,129,-1
s,d,130,-1
s,d,131,-1
s,d,132,-1
s,d,133,0
s,d,134,1
s,d,135,7
s,d,136,18
s,d,137,40
s,d,138,68
s,d,139,100
s,d,140,134
s,d,141,164
s,d,142,193
s,d,143,218
s,d,144,240
s,d,145,259
s,d,146,276
s,d,147,292
s,d,148,307
s,d,149,321
s,d,150,334
s,d,151,346
s,d,152,357
s,d,153,371
s,d,154,382
s,d,155,393
s,d,156,405
s,d,157,415
s,d,158,422
s,d,159,428
s,d,160,433
s,d,161,436
s,d,162,438
s,d,163,440
s,d,164,443
s,d,165,444
s,d,166,445
s,d,167,446
s,d,168,448
s,d,169,447
s,d,170,447
s,d,171,447
s,d,172,447
s,d,173,446
s,d,174,448
s,d,175,448
s,d,176,447
s,d,177,446
s,d,178,447
s,d,179,448
s,d,180,449
s,d,181,448
s,d,182,448
s,d,183,447
s,d,184,447
s,d,185,446
s,d,186,447
s,d,187,446
s,d,188,446
s,d,189,445
s,d,190,445
s,d,191,444
s,d,192,445
s,d,193,445
s,d,194,445
s,d,195,446
s,d,196,445
s,d,197,445
s,d,198,445
s,d,199,445
s,d,200,444
s,d,201,445
s,d,202,444
s,d,203,444
s,d,204,445
s,d,205,444
s,d,206,445
s,d,207,446
s,d,208,445
s,d,209,445
s,d,210,445
s,d,211,445
s,d,212,446
s,d,213,444
s,d,214,445
s,d,215,446
s,d,216,446
s,d,217,445
s,d,218,444
s,d,219,445
s,d,220,445
s,d,221,445
s,d,222,445
s,d,223,446
s,d,224,445
s,d,225,445
s,d,226,445
s,d,227,445
s,d,228,446
s,d,229,446
s,d,230,445
s,d,231,445
s,d,232,445
s,d,233,445
s,d,234,444
s,d,235,443
s,d,236,443
s,d,237,443
s,d,238,444
s,d,239,444
s,d,240,443
s,d,241,444
s,d,242,444
s,d,243,443
s,d,244,443
s,d,245,443
s,d,246,444
s,d,247,443
s,d,248,443
s,d,249,442
s,d,250,443
s,d,251,442
s,d,252,442
s,d,253,442
s,d,254,442
s,d,255,442
s,d,256,442
s,d,257,442
s,d,258,442
s,d,259,441
s,d,260,441
s,d,261,442
s,d,262,441
s,d,263,441
s,d,264,441
s,d,265,441
s,d,266,441
s,d,267,441
s,d,268,441
s,d,269,442
s,d,270,441
s,d,271,442
s,d,272,441
s,d,273,441
s,d,274,442
s,d,275,442
s,d,276,441
s,d,277,441
s,d,278,441
s,d,279,441
s,d,280,440
s,d,281,440
s,d,282,439
s,d,283,440
s,d,284,440
s,d,285,441
s,d,286,440
s,d,287,-250
s,d,288,-250
s,d,289,6
s,d,290,6
s,d,291,6
s,d,292,6
s,d,293,6
s,d,294,6
s,d,295,6
s,d,296,6
s,d,297,6
s,d,298,6
s,d,299,6
s,d,300,6
s,c,1,-1
s,c,2,-1
s,c,3,0
s,c,4,0
s,c,5,0
s,c,6,0
s,c,7,0
s,c,8,0
s,c,9,0
s,c,10,0
s,c,11,0
s,c,12,0
s,c,13,0
s,c,14,0
s,c,15,0
s,c,16,0
s,c,17,0
s,c,18,0
s,c,19,0
s,c,20,0
s,c,21,0
s,c,22,0
s,c,23,0
s,c,24,0
s,c,25,0
s,c,26,0
s,c,27,0
s,c,28,0
s,c,29,0
s,c,30,0
s,c,31,0
s,c,32,0
s,c,33,0
s,c,34,0
s,c,35,0
s,c,36,0
s,c,37,0
s,c,38,0
s,c,39,0
s,c,40,0
s,c,41,0
s,c,42,0
s,c,43,0
s,c,44,0
s,c,45,0
s,c,46,0
s,c,47,0
s,c,48,0
s,c,49,0
s,c,50,0
s,c,51,0
s,c,52,-1
s,c,53,0
s,c,54,0
s,c,55,0
s,c,56,0
s,c,57,0
s,c,58,0
s,c,59,1
s,c,60,0
s,c,61,0
s,c,62,0
s,c,63,0
s,c,64,-1
s,c,65,-1
s,c,66,0
s,c,67,-1
s,c,68,0
s,c,69,0
s,c,70,0
s,c,71,-1
s,c,72,0
s,c,73,0
s,c,74,0
s,c,75,0
s,c,76,-1
s,c,77,0
s,c,78,0
s,c,79,0
s,c,80,0
s,c,81,0
s,c,82,0
s,c,83,0
s,c,84,0
s,c,85,0
s,c,86,0
s,c,87,0
s,c,88,-1
s,c,89,0
s,c,90,0
s,c,91,0
s,c,92,0
s,c,93,0
s,c,94,0
s,c,95,0
s,c,96,0
s,c,97,1
s,c,98,1
s,c,99,1
s,c,100,0
s,c,101,0
s,c,102,0
s,c,103,0
s,c,104,0
s,c,105,0
s,c,106,0
s,c,107,0
s,c,108,0
s,c,109,0
s,c,110,0
s,c,111,0
s,c,112,0
s,c,113,1
s,c,114,0
s,c,115,0
s,c,116,0
s,c,117,0
s,c,118,1
s,c,119,0
s,c,120,0
s,c,121,0
s,c,122,0
s,c,123,0
s,c,124,0
s,c,125,0
s,c,126,0
s,c,127,0
s,c,128,0
s,c,129,0
s,c,130,0
s,c,131,0
s,c,132,0
s,c,133,0
s,c,134,0
s,c,135,0
s,c,136,3
s,c,137,9
s,c,138,18
s,c,139,33
s,c,140,50
s,c,141,71
s,c,142,94
s,c,143,118
s,c,144,142
s,c,145,166
s,c,146,193
s,c,147,220
s,c,148,247
s,c,149,279
s,c,150,310
s,c,151,344
s,c,152,380
s,c,153,420
s,c,154,463
s,c,155,512
s,c,156,562
s,c,157,617
s,c,158,667
s,c,159,711
s,c,160,748
s,c,161,778
s,c,162,802
s,c,163,821
s,c,164,834
s,c,165,846
s,c,166,854
s,c,167,860
s,c,168,866
s,c,169,870
s,c,170,874
s,c,171,877
s,c,172,880
s,c,173,882
s,c,174,884
s,c,175,885
s,c,176,886
s,c,177,887
s,c,178,888
s,c,179,889
s,c,180,889
s,c,181,890
s,c,182,889
s,c,183,889
s,c,184,889
s,c,185,889
s,c,186,890
s,c,187,889
s,c,188,889
s,c,189,889
s,c,190,887
s,c,191,888
s,c,192,887
s,c,193,888
s,c,194,887
s,c,195,887
s,c,196,887
s,c,197,888
s,c,198,887
s,c,199,886
s,c,200,886
s,c,201,885
s,c,202,884
s,c,203,884
s,c,204,885
s,c,205,886
s,c,206,885
s,c,207,885
s,c,208,884
s,c,209,883
s,c,210,884
s,c,211,883
s,c,212,883
s,c,213,883
s,c,214,883
s,c,215,883
s,c,216,884
s,c,217,884
s,c,218,884
s,c,219,884
s,c,220,882
s,c,221,882
s,c,222,882
s,c,223,882
s,c,224,882
s,c,225,881
s,c,226,881
s,c,227,883
s,c,228,882
s,c,229,883
s,c,230,883
s,c,231,883
s,c,232,883
s,c,233,883
s,c,234,882
s,c,235,883
s,c,236,882
s,c,237,882
s,c,238,882
s,c,239,883
s,c,240,882
s,c,241,882
s,c,242,881
s,c,243,881
s,c,244,881
s,c,245,882
s,c,246,881
s,c,247,882
s,c,248,882
s,c,249,883
s,c,250,883
s,c,251,882
s,c,252,882
s,c,253,882
s,c,254,882
s,c,255,881
s,c,256,881
s,c,257,880
s,c,258,880
s,c,259,880
s,c,260,880
s,c,261,880
s,c,262,879
s,c,263,878
s,c,264,878
s,c,265,878
s,c,266,879
s,c,267,878
s,c,268,877
s,c,269,878
s,c,270,878
s,c,271,877
s,c,272,877
s,c,273,877
s,c,274,876
s,c,275,877
s,c,276,877
s,c,277,877
s,c,278,876
s,c,279,875
s,c,280,876
s,c,281,876
s,c,282,874
s,c,283,876
s,c,284,875
s,c,285,875
s,c,286,875
s,c,287,276
s,c,288,276
s,c,289,19
s,c,290,19
s,c,291,19
s,c,292,19
s,c,293,19
s,c,294,19
s,c,295,19
s,c,296,19
s,c,297,19
s,c,298,19
s,c,299,19
s,c,300,19
